0.000000 0.977602 0.977602 nan 0.000443 3.143255 585.475525 nan nan
0.010000 0.977381 0.977381 nan 0.001706 3.147981 580.192139 nan nan
0.020000 0.977526 0.977526 nan 0.003694 3.155406 574.739441 nan nan
0.030000 0.977298 0.977298 nan 0.006326 3.165191 569.158691 nan nan
0.040000 0.977474 0.977474 nan 0.009527 3.177023 564.287354 nan nan
0.050000 0.977532 0.977532 nan 0.013231 3.190610 558.865417 nan nan
0.060000 0.977529 0.977529 nan 0.017380 3.205680 554.190002 nan nan
0.070000 0.978519 0.978519 nan 0.021920 3.221981 549.384949 nan nan
0.080000 0.977444 0.977444 nan 0.026805 3.239276 544.897339 nan nan
0.090000 0.946730 0.946730 nan 0.031980 3.257289 540.383850 nan nan
0.100000 0.932985 0.932985 nan 0.037387 3.275747 536.804993 nan nan
0.110000 0.934699 0.934699 nan 0.042993 3.294452 533.098267 nan nan
0.120000 0.937280 0.937280 nan 0.048775 3.313246 529.240845 nan nan
0.130000 0.946678 0.946678 nan 0.054714 3.331993 525.507324 nan nan
0.140000 0.928862 0.928862 nan 0.060786 3.350534 522.208923 nan nan
0.150000 0.930695 0.930695 nan 0.066966 3.368709 519.301880 nan nan
0.160000 0.947380 0.947380 nan 0.073248 3.386427 516.764954 nan nan
0.170000 0.931487 0.931487 nan 0.079617 3.403572 513.884644 nan nan
0.180000 0.937324 0.937324 nan 0.086058 3.420023 510.557556 nan nan
0.190000 0.931464 0.931464 nan 0.092560 3.435684 508.218567 nan nan
0.200000 0.929412 0.929412 nan 0.099111 3.450454 506.113373 nan nan
0.210000 0.953802 0.953802 nan 0.105713 3.464291 504.580933 nan nan
0.220000 0.932986 0.932986 nan 0.112361 3.477123 503.444763 nan nan
0.230000 0.933626 0.933626 nan 0.119040 3.488854 501.915680 nan nan
0.240000 0.930116 0.930116 nan 0.125743 3.499420 500.713074 nan nan
0.250000 0.930089 0.930089 nan 0.132467 3.508768 499.960571 nan nan
0.260000 0.907605 0.907605 nan 0.139197 3.516818 499.208221 nan nan
0.270000 0.942717 0.942717 nan 0.145938 3.523560 499.100311 nan nan
0.280000 0.942586 0.942586 nan 0.152703 3.529017 498.394714 nan nan
0.290000 0.942647 0.942647 nan 0.159491 3.533158 498.961304 nan nan
0.300000 0.942819 0.942819 nan 0.166296 3.535961 500.543060 nan nan
0.310000 0.942733 0.942733 nan 0.173119 3.537408 500.369934 nan nan
0.320000 0.950534 0.950534 nan 0.179960 3.537500 501.228943 nan nan
0.330000 0.951110 0.951110 nan 0.186820 3.536242 502.227753 nan nan
0.340000 0.949527 0.949527 nan 0.193697 3.533629 503.561035 nan nan
0.350000 0.951870 0.951870 nan 0.200591 3.529666 504.374542 nan nan
0.360000 0.951907 0.951907 nan 0.207499 3.524364 505.692017 nan nan
0.370000 0.951896 0.951896 nan 0.214422 3.517738 507.692749 nan nan
0.380000 0.952711 0.952711 nan 0.221358 3.509807 511.646149 nan nan
0.390000 0.939640 0.939640 nan 0.228301 3.500577 512.815735 nan nan
0.400000 0.985382 0.985382 nan 0.235266 3.490132 515.803101 nan nan
0.410000 0.985320 0.985320 nan 0.242271 3.478571 515.309082 nan nan
0.420000 -0.658090 -0.658090 nan 0.248579 3.463326 513.767334 nan nan
0.430000 -0.923046 -0.923046 nan 0.253444 3.441783 510.519135 nan nan
0.440000 -0.952157 -0.952157 nan 0.256895 3.414091 506.310150 nan nan
0.450000 -0.949927 -0.949927 nan 0.259076 3.380822 502.160583 nan nan
0.460000 -0.989179 -0.989179 nan 0.260110 3.342507 497.667725 nan nan
0.470000 -0.989211 -0.989211 -1.000000 0.260110 3.299660 490.846283 622.957031 -132.110748
0.480000 -0.990041 -0.990041 nan 0.259196 3.252852 484.760712 nan nan
0.490000 -0.988169 -0.988169 nan 0.257479 3.202644 478.492645 nan nan
0.500000 -0.988997 -0.988997 nan 0.255060 3.149586 469.795135 nan nan
0.510000 -0.989070 -0.989070 nan 0.252032 3.094215 462.371643 nan nan
0.520000 -0.977782 -0.977782 nan 0.248484 3.037074 455.946136 nan nan
0.530000 -0.974059 -0.974059 -1.000000 0.244500 2.978688 447.890442 577.370728 -129.480286
0.540000 -0.988740 -0.988740 nan 0.240142 2.919517 440.920959 nan nan
0.550000 -0.996268 -0.996268 nan 0.235461 2.859975 435.639862 nan nan
0.560000 -0.986824 -0.986824 nan 0.230513 2.800489 428.133759 nan nan
0.570000 -0.996552 -0.996552 nan 0.225343 2.741451 421.779541 nan nan
0.580000 -0.986843 -0.986843 nan 0.219990 2.683216 415.943054 nan nan
0.590000 -0.969095 -0.969095 -1.000000 0.214500 2.626142 409.336700 423.369019 -14.032318
0.600000 -0.979246 -0.979246 nan 0.208899 2.570521 403.512390 nan nan
0.610000 -0.979729 -0.979729 nan 0.203202 2.516585 399.151428 nan nan
0.620000 -0.976027 -0.976027 -0.595073 0.197426 2.464557 393.000153 395.281860 -2.281708
0.630000 -0.960850 -0.960850 nan 0.191588 2.414653 388.054169 nan nan
0.640000 -0.977791 -0.977791 nan 0.185694 2.367036 384.342773 nan nan
0.650000 -0.959708 -0.959708 -0.563328 0.179748 2.321852 378.680603 384.559509 -5.878906
0.660000 -0.967391 -0.967391 -1.000000 0.173757 2.279239 374.292725 378.943085 -4.650360
0.670000 -0.951660 -0.951660 nan 0.167723 2.239315 371.134949 nan nan
0.680000 -0.927275 -0.927275 -1.000000 0.161661 2.202211 366.240997 405.339417 -39.098419
0.690000 -0.924804 -0.924804 -0.011805 0.155578 2.168031 362.100433 384.032928 -21.932495
0.700000 -0.911238 -0.911238 nan 0.149476 2.136851 359.588715 nan nan
0.710000 -0.955846 -0.955846 1.000000 0.143337 2.108701 354.756439 503.693390 -148.936951
0.720000 -0.952157 -0.952157 nan 0.137142 2.083602 350.932556 nan nan
0.730000 -0.917536 -0.917536 nan 0.130906 2.061631 348.963684 nan nan
0.740000 -0.836700 -0.836700 nan 0.124672 2.042908 344.638275 nan nan
0.750000 -0.918560 -0.918560 nan 0.118434 2.027454 341.071320 nan nan
0.760000 -0.945036 -0.945036 nan 0.112145 2.015217 338.663727 nan nan
0.770000 -0.947366 -0.947366 nan 0.105795 2.006204 334.806519 nan nan
0.780000 -0.967330 -0.967330 nan 0.099379 2.000420 331.381836 nan nan
0.790000 -0.954355 -0.954355 nan 0.092898 1.997881 329.004028 nan nan
0.800000 -0.976400 -0.976400 nan 0.086356 1.998593 324.836548 nan nan
0.810000 -0.980109 -0.980109 nan 0.079748 2.002549 321.129974 nan nan
0.820000 -0.954637 -0.954637 nan 0.073091 2.009769 318.223114 nan nan
0.830000 -0.956109 -0.956109 nan 0.066401 2.020267 315.137299 nan nan
0.840000 -0.962440 -0.962440 nan 0.059682 2.034029 311.400787 nan nan
0.850000 -0.938177 -0.938177 nan 0.052947 2.051056 308.560059 nan nan
0.860000 -0.967007 -0.967007 nan 0.046202 2.071326 307.007843 nan nan
0.870000 -0.967379 -0.967379 nan 0.039441 2.094797 302.957764 nan nan
0.880000 -0.981031 -0.981031 nan 0.032668 2.121427 300.271698 nan nan
0.890000 -0.981544 -0.981544 nan 0.025883 2.151171 297.660950 nan nan
0.900000 -0.982061 -0.982061 nan 0.019097 2.183985 293.614410 nan nan
0.910000 -0.982459 -0.982459 nan 0.012315 2.219818 290.524719 nan nan
0.920000 -0.969489 -0.969489 nan 0.005549 2.258617 288.556335 nan nan
0.930000 -0.969467 -0.969467 nan -0.001190 2.300323 283.976288 nan nan
0.940000 -0.969831 -0.969831 nan -0.007898 2.344845 280.000244 nan nan
0.950000 -0.969993 -0.969993 nan -0.014574 2.392081 277.789825 nan nan
0.960000 -0.943256 -0.943256 nan -0.021206 2.441944 274.733002 nan nan
0.970000 -0.859587 -0.859587 nan -0.027750 2.494430 271.532074 nan nan
0.980000 -0.589151 -0.589151 nan -0.034062 2.549829 269.469757 nan nan
0.990000 0.555148 0.555148 nan -0.039558 2.609838 265.874268 nan nan
1.000000 0.816049 0.816049 nan -0.043724 2.676011 262.772247 nan nan
1.010000 0.956104 0.956104 nan -0.046521 2.748417 257.928314 nan nan
1.020000 0.957766 0.957766 nan -0.048036 2.826671 252.459641 nan nan
1.030000 0.987713 0.987713 nan -0.048400 2.910158 248.466125 nan nan
1.040000 0.990618 0.990618 nan -0.047747 2.998199 245.683807 nan nan
1.050000 0.991525 0.991525 nan -0.046218 3.090010 243.202530 nan nan
1.060000 0.995049 0.995049 nan -0.043953 3.184767 241.434418 nan nan
1.070000 0.990489 0.990489 nan -0.041084 3.281623 242.835159 nan nan
1.080000 0.995513 0.995513 nan -0.037735 3.379746 245.597336 nan nan
1.090000 0.995469 0.995469 nan -0.034015 3.478356 249.201096 nan nan
1.100000 0.995741 0.995741 nan -0.030019 3.576729 254.726578 nan nan
1.110000 0.996981 0.996981 nan -0.025825 3.674227 263.078461 nan nan
1.120000 0.997346 0.997346 nan -0.021493 3.770306 270.663452 nan nan
1.130000 0.997736 0.997736 nan -0.017069 3.864506 274.945068 nan nan
1.140000 0.997875 0.997875 nan -0.012581 3.956453 280.153412 nan nan
1.150000 0.994625 0.994625 nan -0.008049 4.045840 283.205780 nan nan
1.160000 0.994107 0.994107 nan -0.003481 4.132419 285.775879 nan nan
1.170000 0.993902 0.993902 nan 0.001122 4.215998 288.963379 nan nan
1.180000 0.993894 0.993894 nan 0.005769 4.296420 290.587036 nan nan
1.190000 0.993847 0.993847 nan 0.010469 4.373560 292.959106 nan nan
1.200000 0.993915 0.993915 nan 0.015237 4.447317 296.989655 nan nan
1.210000 0.994640 0.994640 nan 0.020087 4.517605 297.405243 nan nan
1.220000 1.000000 1.000000 nan 0.025037 4.584357 299.224274 nan nan
1.230000 1.000000 1.000000 nan 0.030103 4.647517 300.138184 nan nan
1.240000 0.995714 0.995714 nan 0.035296 4.707038 300.008423 nan nan
1.250000 0.931586 0.931586 nan 0.040601 4.762885 299.700134 nan nan
1.260000 0.268986 0.268986 -0.068218 0.045746 4.815105 298.800781 300.159454 -1.358673
1.270000 -0.659691 -0.659691 nan 0.050156 4.863970 298.125488 nan nan
1.280000 -0.496303 -0.736314 -0.496303 0.053632 4.909719 296.474854 295.931274 0.543579
1.290000 -0.411290 -0.751492 -0.411290 0.056375 4.952394 295.306549 294.886108 0.420441
1.300000 -0.861667 -0.861667 nan 0.058326 4.992209 294.168060 nan nan
1.310000 -0.695803 -0.830612 -0.695803 0.059466 5.029321 292.613129 292.135315 0.477814
1.320000 -1.000000 -0.864412 -1.000000 0.059829 5.063850 291.786377 291.571777 0.214600
1.330000 -0.862062 -0.862062 nan 0.059437 5.095895 290.069305 nan nan
1.340000 -0.894979 -0.920597 -0.894979 0.058411 5.125415 288.982178 288.486359 0.495819
1.350000 -0.922577 -0.922577 -1.000000 0.056798 5.152450 288.232422 289.484772 -1.252350
1.360000 -0.576738 -0.576738 -1.000000 0.054789 5.176783 286.559845 312.070831 -25.510986
1.370000 -0.843139 -0.628561 -0.843139 0.052457 5.198372 285.500244 285.386078 0.114166
1.380000 0.167875 0.167875 nan 0.050143 5.216667 284.897217 nan nan
1.390000 -0.237411 -0.237411 -0.413403 0.048080 5.231288 283.538605 284.072601 -0.533997
1.400000 -0.556036 -0.269972 -0.556036 0.045961 5.242819 283.321594 282.756012 0.565582
1.410000 0.580775 0.580775 nan 0.044132 5.250623 282.098907 nan nan
1.420000 0.198438 0.198438 -0.136373 0.042855 5.254209 281.021423 281.591278 -0.569855
1.430000 -0.330274 -0.510262 -0.330274 0.041712 5.254384 280.748230 280.600525 0.147705
1.440000 0.793169 0.793169 nan 0.040938 5.250693 279.460144 nan nan
1.450000 0.313364 0.313364 0.762747 0.040739 5.242736 278.136047 278.261902 -0.125854
1.460000 -0.104646 -0.104646 -0.075686 0.040698 5.231305 278.137909 278.235931 -0.098022
1.470000 0.767388 0.767388 nan 0.040985 5.216074 276.330719 nan nan
1.480000 0.629938 0.629938 -1.000000 0.041844 5.196584 274.888702 330.394226 -55.505524
1.490000 0.339307 0.339307 0.182579 0.043041 5.173246 274.434875 276.320679 -1.885803
1.500000 0.950435 0.950435 nan 0.044663 5.145908 272.534607 nan nan
1.510000 0.782755 0.782755 1.000000 0.046828 5.114376 270.455841 276.920807 -6.464966
1.520000 0.797228 0.797228 1.000000 0.049407 5.078849 269.935059 272.119141 -2.184082
1.530000 0.939250 0.939250 1.000000 0.052407 5.039324 267.420197 288.041107 -20.620911
1.540000 0.896470 0.896470 0.834898 0.055806 4.995833 264.800903 268.029083 -3.228180
1.550000 0.644836 0.644836 1.000000 0.059430 4.948567 263.650726 266.350189 -2.699463
1.560000 0.991671 0.991671 1.000000 0.063278 4.897537 261.017670 363.537476 -102.519806
1.570000 0.947384 0.947384 1.000000 0.067420 4.842686 257.523163 262.835571 -5.312408
1.580000 0.871170 0.871170 0.424757 0.071757 4.784089 255.642471 259.563507 -3.921036
1.590000 0.927909 0.927909 0.886795 0.076238 4.721786 251.607727 256.251740 -4.644012
1.600000 0.925647 0.925647 0.695687 0.080846 4.655799 247.644058 261.085114 -13.441055
1.610000 0.803456 0.803456 1.000000 0.085491 4.586144 245.225418 248.017563 -2.792145
1.620000 0.790161 0.790161 0.397432 0.090093 4.512819 240.060410 252.614624 -12.554214
1.630000 0.741025 0.741025 1.000000 0.094604 4.435821 235.043777 238.713745 -3.669968
1.640000 0.524851 0.524851 0.200155 0.098904 4.355059 230.977676 238.379639 -7.401962
1.650000 -0.039130 -0.039130 -0.681780 0.102679 4.270144 225.142792 239.051788 -13.908997
1.660000 -0.355897 -0.355897 -0.835600 0.105607 4.180538 218.760452 243.068771 -24.308319
1.670000 -0.475472 -0.475472 -1.000000 0.107569 4.085926 213.736710 223.563080 -9.826370
1.680000 -0.949891 -0.949891 -0.587577 0.108391 3.985814 205.331238 220.673431 -15.342194
1.690000 -0.965755 -0.965755 -1.000000 0.107963 3.879850 197.480438 250.415863 -52.935425
1.700000 -0.908559 -0.908559 -1.000000 0.106416 3.768317 190.014954 195.337524 -5.322571
1.710000 -0.998080 -0.998080 -1.000000 0.103851 3.651544 178.957916 229.572464 -50.614548
1.720000 -0.903855 -0.903855 -1.000000 0.100403 3.530100 168.150925 209.347885 -41.196960
1.730000 -0.961106 -0.961106 -1.000000 0.096231 3.404757 158.819427 161.388153 -2.568726
1.740000 -0.939821 -0.939821 -1.000000 0.091474 3.276348 145.372696 337.117737 -191.745041
1.750000 -0.930834 -0.930834 -1.000000 0.086307 3.145926 132.208405 148.404190 -16.195786
1.760000 -0.948546 -0.948546 -1.000000 0.080883 3.014526 120.032936 188.013550 -67.980614
1.770000 -0.924922 -0.924922 -1.000000 0.075350 2.883188 108.877190 109.346840 -0.469650
1.780000 -0.892428 -0.892428 -1.000000 0.069858 2.752930 98.365097 98.895264 -0.530167
1.790000 -0.836865 -0.794298 -0.836865 0.064536 2.624651 88.955666 88.371994 0.583672
1.800000 -0.754337 -0.731423 -0.754337 0.059501 2.499116 80.255119 79.598938 0.656181
1.810000 -0.503315 -0.665758 -0.503315 0.054915 2.377120 72.200455 71.582344 0.618111
1.820000 -0.358257 -0.804906 -0.358257 0.050919 2.259259 64.990784 64.366478 0.624306
1.830000 -0.232706 -0.378771 -0.232706 0.047567 2.145765 58.592754 57.839596 0.753159
1.840000 -0.160666 -0.083307 -0.160666 0.044859 2.036670 52.340611 51.930710 0.409901
1.850000 -0.057879 -0.232639 -0.057879 0.042778 1.931912 47.238045 46.581173 0.656872
1.860000 -0.008048 -0.009868 -0.008048 0.041290 1.831383 42.403828 41.752789 0.651039
1.870000 0.028562 -0.156611 0.028562 0.040338 1.734927 37.996334 37.372829 0.623505
1.880000 0.047729 -0.136190 0.047729 0.039855 1.642389 34.180027 33.426079 0.753948
1.890000 0.072129 0.088088 0.072129 0.039776 1.553630 30.476341 29.856655 0.619686
1.900000 0.105567 0.186208 0.105567 0.040048 1.468527 27.488373 26.631620 0.856752
1.910000 0.092775 0.147497 0.092775 0.040610 1.386975 24.235083 23.738874 0.496208
1.920000 0.059729 -0.122069 0.059729 0.041383 1.308898 21.763134 21.133247 0.629887
1.930000 0.058054 0.092104 0.058054 0.042301 1.234235 19.528849 18.798378 0.730471
1.940000 0.025107 -0.045974 0.025107 0.043305 1.162939 17.217804 16.697849 0.519955
1.950000 -0.008798 -0.027248 -0.008798 0.044333 1.094986 15.288557 14.838324 0.450233
1.960000 0.030406 0.184018 0.030406 0.045358 1.030307 13.776263 13.169570 0.606693
1.970000 -0.028749 0.152974 -0.028749 0.046349 0.968851 12.084513 11.669940 0.414573
1.980000 -0.016784 -0.056626 -0.016784 0.047268 0.910578 10.893553 10.363076 0.530477
1.990000 -0.041408 -0.036963 -0.041408 0.048100 0.855415 9.881895 9.186459 0.695436
2.000000 -0.032893 0.076145 -0.032893 0.048829 0.803279 8.661488 8.150580 0.510907
2.010000 -0.092651 -0.226863 -0.092651 0.049430 0.754124 7.994565 7.238753 0.755812
2.020000 -0.095902 0.336394 -0.095902 0.049880 0.707902 7.535008 6.423229 1.111779
2.030000 -0.075733 -0.019278 -0.075733 0.050190 0.664469 6.363672 5.712819 0.650854
2.040000 -0.088907 0.085693 -0.088907 0.050371 0.623688 5.387427 5.091774 0.295653
2.050000 -0.051303 -0.126740 -0.051303 0.050440 0.585395 5.491885 4.545535 0.946350
2.060000 -0.090073 -0.081276 -0.090073 0.050403 0.549466 4.703592 4.047441 0.656151
2.070000 -0.073391 -0.125323 -0.073391 0.050260 0.515798 3.987550 3.607836 0.379714
2.080000 -0.070637 -0.191415 -0.070637 0.050027 0.484237 3.990551 3.234807 0.755743
2.090000 -0.045168 -0.142591 -0.045168 0.049726 0.454617 3.450397 2.900570 0.549826
2.100000 -0.079100 -0.028581 -0.079100 0.049358 0.426836 3.288052 2.604113 0.683940
2.110000 -0.081252 -0.083331 -0.081252 0.048916 0.400831 3.213123 2.341123 0.872000
2.120000 -0.067031 -0.239679 -0.067031 0.048414 0.376471 2.920375 2.107695 0.812679
2.130000 -0.078714 0.164186 -0.078714 0.047860 0.353646 2.723294 1.912989 0.810305
2.140000 -0.114576 -0.326544 -0.114576 0.047239 0.332329 2.368523 1.730715 0.637808
2.150000 -0.056704 -0.156588 -0.056704 0.046570 0.312381 2.116233 1.567970 0.548263
2.160000 -0.117698 -0.279894 -0.117698 0.045859 0.293718 2.060694 1.431015 0.629679
2.170000 -0.097077 -0.166778 -0.097077 0.045093 0.276314 1.773834 1.309724 0.464111
2.180000 -0.083698 -0.237059 -0.083698 0.044296 0.260029 1.656757 1.199759 0.456998
2.190000 -0.116713 -0.411911 -0.116713 0.043463 0.244818 1.635304 1.101668 0.533637
2.200000 -0.100054 -0.171538 -0.100054 0.042593 0.230634 1.739949 1.020542 0.719407
2.210000 -0.114785 -0.421371 -0.114785 0.041693 0.217403 1.621985 0.939199 0.682785
2.220000 -0.097875 -0.054626 -0.097875 0.040768 0.205055 1.273474 0.871640 0.401834
2.230000 -0.090615 -0.059828 -0.090615 0.039833 0.193492 1.233362 0.810656 0.422707
2.240000 -0.074853 -0.136221 -0.074853 0.038902 0.182625 1.454738 0.756958 0.697781
2.250000 -0.126639 -0.233290 -0.126639 0.037958 0.172472 1.292725 0.709179 0.583545
2.260000 -0.112958 -0.285121 -0.112958 0.036988 0.163047 1.236029 0.666599 0.569429
2.270000 -0.110735 -0.037826 -0.110735 0.036003 0.154274 1.598171 0.627867 0.970304
2.280000 -0.092382 -0.403299 -0.092382 0.035016 0.146076 1.480088 0.593477 0.886611
2.290000 -0.104180 -0.072275 -0.104180 0.034030 0.138409 1.150767 0.565834 0.584933
2.300000 -0.059113 0.051255 -0.059113 0.033061 0.131185 1.372518 0.537405 0.835113
2.310000 -0.087493 -0.119643 -0.087493 0.032116 0.124355 1.176259 0.509657 0.666601
2.320000 -0.080880 0.059730 -0.080880 0.031183 0.117935 1.080012 0.487086 0.592926
2.330000 -0.105616 -0.042309 -0.105616 0.030254 0.111935 0.914466 0.467225 0.447242
2.340000 -0.073701 0.083746 -0.073701 0.029333 0.106317 1.039346 0.447741 0.591605
2.350000 -0.067878 0.144316 -0.067878 0.028435 0.100999 0.873255 0.431706 0.441549
2.360000 -0.069192 -0.064433 -0.069192 0.027563 0.095961 0.716285 0.415504 0.300781
2.370000 -0.082225 -0.033678 -0.082225 0.026706 0.091217 0.804510 0.401539 0.402971
2.380000 -0.056622 -0.098988 -0.056622 0.025870 0.086730 0.914762 0.391932 0.522830
2.390000 -0.058574 -0.241031 -0.058574 0.025063 0.082453 1.171437 0.380624 0.790812
2.400000 -0.088833 -0.031518 -0.088833 0.024268 0.078433 0.941028 0.372577 0.568451
2.410000 -0.051684 -0.028613 -0.051684 0.023488 0.074646 0.933693 0.360351 0.573342
2.420000 -0.088046 -0.044259 -0.088046 0.022722 0.071082 0.705365 0.351085 0.354280
2.430000 -0.070243 -0.050472 -0.070243 0.021961 0.067761 0.705506 0.341896 0.363610
2.440000 -0.068633 -0.051033 -0.068633 0.021213 0.064639 0.645128 0.334618 0.310510
2.450000 -0.051460 0.008001 -0.051460 0.020486 0.061677 0.912385 0.328605 0.583780
2.460000 -0.055861 -0.192714 -0.055861 0.019783 0.058851 0.786590 0.324004 0.462586
2.470000 -0.049111 -0.220644 -0.049111 0.019103 0.056155 1.274533 0.318149 0.956384
2.480000 -0.064636 -0.157342 -0.064636 0.018441 0.053601 0.786451 0.312371 0.474080
2.490000 -0.053013 -0.048138 -0.053013 0.017792 0.051192 0.811275 0.308680 0.502595
2.500000 -0.052949 0.088435 -0.052949 0.017161 0.048905 0.912532 0.304367 0.608165
2.510000 -0.027331 -0.177603 -0.027331 0.016558 0.046693 1.327953 0.302522 1.025431
2.520000 -0.036713 -0.217583 -0.036713 0.015987 0.044534 0.886468 0.297809 0.588659
2.530000 -0.061464 -0.215535 -0.061464 0.015429 0.042488 0.760066 0.294993 0.465073
2.540000 -0.062346 0.074075 -0.062346 0.014873 0.040595 0.955745 0.291540 0.664205
2.550000 -0.044174 -0.159330 -0.044174 0.014325 0.038817 0.967253 0.288653 0.678600
2.560000 -0.042378 -0.139370 -0.042378 0.013795 0.037118 0.784980 0.287345 0.497635
2.570000 -0.042853 0.023308 -0.042853 0.013280 0.035495 0.796687 0.286295 0.510391
2.580000 -0.053374 -0.036692 -0.053374 0.012775 0.033968 0.687086 0.280074 0.407012
2.590000 -0.058380 0.051413 -0.058380 0.012272 0.032559 0.798587 0.280824 0.517763
2.600000 -0.033239 0.078114 -0.033239 0.011779 0.031229 0.938334 0.274937 0.663397
2.610000 -0.036037 -0.085878 -0.036037 0.011307 0.029940 1.021927 0.276795 0.745132
2.620000 -0.055822 -0.263161 -0.055822 0.010841 0.028733 0.848533 0.273613 0.574920
2.630000 -0.040130 0.186079 -0.040130 0.010381 0.027612 0.794002 0.270069 0.523932
2.640000 -0.055790 -0.062363 -0.055790 0.009926 0.026575 0.666840 0.268626 0.398214
2.650000 -0.036065 0.022991 -0.036065 0.009477 0.025612 0.794424 0.268541 0.525883
2.660000 -0.036572 -0.015466 -0.036572 0.009042 0.024690 0.967473 0.269726 0.697747
2.670000 -0.018955 0.085265 -0.018955 0.008628 0.023783 0.771318 0.267173 0.504145
2.680000 -0.045322 0.091171 -0.045322 0.008228 0.022910 0.591213 0.265025 0.326188
2.690000 -0.029145 0.141955 -0.029145 0.007836 0.022089 0.854536 0.264263 0.590272
2.700000 -0.040027 0.133701 -0.040027 0.007454 0.021313 1.086561 0.262260 0.824301
2.710000 -0.037617 -0.103527 -0.037617 0.007077 0.020597 0.810308 0.262722 0.547586
2.720000 -0.016104 0.093972 -0.016104 0.006716 0.019898 0.838963 0.262713 0.576250
2.730000 -0.037830 -0.088158 -0.037830 0.006368 0.019222 0.837768 0.262655 0.575112
2.740000 -0.027986 -0.117570 -0.027986 0.006027 0.018591 0.716803 0.261637 0.455167
2.750000 -0.032181 -0.093568 -0.032181 0.005694 0.017996 0.854964 0.259656 0.595308
2.760000 -0.022528 0.145109 -0.022528 0.005372 0.017428 0.958960 0.258186 0.700773
2.770000 -0.030768 0.203493 -0.030768 0.005060 0.016888 0.937213 0.260591 0.676622
2.780000 -0.028136 -0.121394 -0.028136 0.004754 0.016387 0.613017 0.255617 0.357400
2.790000 -0.003229 0.012284 -0.003229 0.004466 0.015878 0.671468 0.256082 0.415385
2.800000 -0.032218 0.109931 -0.032218 0.004192 0.015375 1.234850 0.261229 0.973620
2.810000 -0.002400 -0.255289 -0.002400 0.003931 0.014879 0.938908 0.258673 0.680235
2.820000 -0.006859 0.119437 -0.006859 0.003693 0.014351 1.012697 0.256926 0.755771
2.830000 -0.024447 0.241301 -0.024447 0.003466 0.013838 0.628080 0.253900 0.374180
2.840000 -0.021591 -0.141131 -0.021591 0.003241 0.013364 0.720624 0.256795 0.463829
2.850000 -0.024330 -0.100948 -0.024330 0.003019 0.012930 0.940319 0.255266 0.685054
2.860000 0.010125 -0.277652 0.010125 0.002814 0.012479 1.249382 0.260150 0.989231
2.870000 -0.022341 -0.004658 -0.022341 0.002625 0.012017 0.714511 0.255704 0.458807
2.880000 -0.008281 0.103387 -0.008281 0.002441 0.011577 0.661479 0.256548 0.404931
2.890000 -0.000603 0.109711 -0.000603 0.002273 0.011123 0.798687 0.258976 0.539711
2.900000 -0.006232 0.174249 -0.006232 0.002118 0.010657 1.025826 0.255204 0.770622
2.910000 -0.010716 0.303491 -0.010716 0.001972 0.010200 0.888615 0.256988 0.631627
2.920000 -0.022691 -0.287564 -0.022691 0.001825 0.009781 0.798696 0.252883 0.545813
2.930000 -0.031321 -0.039612 -0.031321 0.001670 0.009432 0.587240 0.252423 0.334817
2.940000 -0.022176 -0.027905 -0.022176 0.001507 0.009147 0.934046 0.257598 0.676448
2.950000 -0.015611 -0.250876 -0.015611 0.001343 0.008894 0.835609 0.251787 0.583822
2.960000 -0.007832 0.023594 -0.007832 0.001187 0.008650 0.697346 0.253970 0.443376
2.970000 -0.017683 -0.009094 -0.017683 0.001035 0.008419 0.531179 0.252251 0.278928
2.980000 -0.007679 0.047604 -0.007679 0.000888 0.008202 0.818140 0.255066 0.563073
2.990000 0.003026 0.023621 0.003026 0.000754 0.007966 0.905301 0.255647 0.649655
3.000000 0.003503 -0.045380 0.003503 0.000637 0.007696 0.800624 0.251674 0.548950
3.010000 0.002541 -0.113404 0.002541 0.000535 0.007400 0.873985 0.254425 0.619561
3.020000 -0.010485 -0.024037 -0.010485 0.000439 0.007105 0.937111 0.252968 0.684142
3.030000 -0.009957 0.082928 -0.009957 0.000344 0.006835 0.871733 0.252213 0.619520
3.040000 -0.001041 -0.200814 -0.001041 0.000253 0.006572 1.051549 0.259333 0.792217
3.050000 -0.031610 0.313616 -0.031610 0.000157 0.006354 0.916885 0.256398 0.660487
3.060000 -0.013730 0.040341 -0.013730 0.000051 0.006197 0.966391 0.251556 0.714835
3.070000 0.013226 -0.316517 0.013226 -0.000044 0.006023 0.963144 0.253146 0.709998
3.080000 -0.004713 -0.027171 -0.004713 -0.000126 0.005820 0.883752 0.255634 0.628119
3.090000 -0.013638 0.111297 -0.013638 -0.000208 0.005638 1.152328 0.257427 0.894901
3.100000 -0.012101 -0.093727 -0.012101 -0.000293 0.005489 0.754574 0.252760 0.501814
3.110000 -0.011566 0.013938 -0.011566 -0.000379 0.005367 0.726976 0.254122 0.472854
3.120000 -0.006852 0.150874 -0.006852 -0.000465 0.005262 0.746038 0.251056 0.494982
3.130000 0.000832 -0.028305 0.000832 -0.000545 0.005153 0.892282 0.252693 0.639589
3.140000 -0.000113 0.084001 -0.000113 -0.000616 0.005031 0.805137 0.252354 0.552783
3.150000 -0.014628 0.178414 -0.014628 -0.000687 0.004925 0.730799 0.252538 0.478261
3.160000 0.018587 0.030529 0.018587 -0.000748 0.004803 0.904820 0.256677 0.648144
3.170000 0.006498 -0.203182 0.006498 -0.000793 0.004634 0.948395 0.256067 0.692327
3.180000 0.002878 -0.052730 0.002878 -0.000829 0.004451 0.912905 0.254759 0.658146
3.190000 0.014263 0.156536 0.014263 -0.000853 0.004242 0.696501 0.250952 0.445549
3.200000 -0.010753 -0.056554 -0.010753 -0.000875 0.004036 0.569193 0.252816 0.316376
3.210000 0.014623 0.156184 0.014623 -0.000892 0.003831 0.696780 0.250967 0.445814
3.220000 -0.003349 -0.090324 -0.003349 -0.000904 0.003617 0.717281 0.252468 0.464813
3.230000 -0.006095 -0.113757 -0.006095 -0.000919 0.003429 0.616588 0.252913 0.363674
3.240000 -0.010305 0.087003 -0.010305 -0.000940 0.003277 0.865747 0.252667 0.613080
3.250000 0.028851 0.270173 0.028851 -0.000950 0.003098 1.151098 0.259057 0.892041
3.260000 -0.004105 -0.150222 -0.004105 -0.000950 0.002888 0.726703 0.252086 0.474618
3.270000 -0.020550 -0.081130 -0.020550 -0.000961 0.002731 0.912720 0.253588 0.659132
3.280000 0.021339 -0.126616 0.021339 -0.000970 0.002579 0.854774 0.256117 0.598657
3.290000 0.008788 0.002304 0.008788 -0.000965 0.002385 1.166890 0.259025 0.907865
3.300000 -0.012708 -0.123423 -0.012708 -0.000964 0.002209 0.584169 0.250950 0.333219
3.310000 -0.020455 -0.097732 -0.020455 -0.000977 0.002100 0.645520 0.250809 0.394711
3.320000 0.000582 -0.094491 0.000582 -0.000998 0.002026 0.792487 0.254215 0.538273
3.330000 0.020955 -0.039317 0.020955 -0.001008 0.001915 0.854778 0.253737 0.601041
3.340000 0.025670 0.234740 0.025670 -0.000995 0.001731 1.026053 0.256137 0.769916
3.350000 -0.009966 -0.036905 -0.009966 -0.000978 0.001534 0.831411 0.252044 0.579366
3.360000 -0.002689 0.032797 -0.002689 -0.000968 0.001372 1.096096 0.255250 0.840846
3.370000 -0.027889 0.056083 -0.027889 -0.000974 0.001272 0.769653 0.252886 0.516768
3.380000 0.012406 0.102248 0.012406 -0.000986 0.001199 0.809885 0.253035 0.556850
3.390000 -0.025290 -0.063105 -0.025290 -0.001002 0.001149 0.754601 0.252577 0.502025
3.400000 0.006899 0.009709 0.006899 -0.001025 0.001127 1.100306 0.254186 0.846121
3.410000 0.001756 -0.016557 0.001756 -0.001042 0.001085 0.971180 0.251753 0.719427
3.420000 0.003649 -0.197475 0.003649 -0.001054 0.001032 0.939550 0.253988 0.685562
3.430000 -0.018776 0.179193 -0.018776 -0.001072 0.001005 0.684012 0.255787 0.428225
3.440000 0.017431 0.083846 0.017431 -0.001089 0.000974 0.969981 0.256366 0.713615
3.450000 -0.004482 -0.058994 -0.004482 -0.001098 0.000921 0.821915 0.253255 0.568660
3.460000 -0.021995 -0.065285 -0.021995 -0.001119 0.000911 0.884204 0.252906 0.631298
3.470000 -0.005444 0.229994 -0.005444 -0.001149 0.000943 1.094788 0.252921 0.841867
3.480000 -0.001772 -0.134029 -0.001772 -0.001179 0.000978 0.867426 0.254916 0.612509
3.490000 -0.004836 0.202782 -0.004836 -0.001209 0.001015 0.967701 0.254997 0.712704
3.500000 -0.013216 -0.098653 -0.013216 -0.001244 0.001074 0.788392 0.252409 0.535983
3.510000 0.029167 0.054393 0.029167 -0.001267 0.001095 1.240084 0.253958 0.986126
3.520000 -0.003274 -0.005806 -0.003274 -0.001277 0.001069 0.859098 0.258762 0.600336
3.530000 -0.015022 -0.123728 -0.015022 -0.001294 0.001074 0.655388 0.250917 0.404471
3.540000 0.004897 0.085809 0.004897 -0.001314 0.001093 0.764417 0.252033 0.512384
3.550000 0.014295 0.280954 0.014295 -0.001323 0.001075 0.984406 0.256947 0.727458
3.560000 -0.006815 0.041596 -0.006815 -0.001328 0.001047 0.915479 0.254000 0.661479
3.570000 -0.013982 0.196292 -0.013982 -0.001342 0.001056 0.638130 0.255149 0.382981
3.580000 0.003421 0.059997 0.003421 -0.001359 0.001081 0.801101 0.253165 0.547936
3.590000 -0.021207 -0.080699 -0.021207 -0.001383 0.001133 0.762972 0.251740 0.511232
3.600000 0.002663 0.135659 0.002663 -0.001412 0.001211 0.936344 0.252666 0.683678
3.610000 0.029462 0.141936 0.029462 -0.001423 0.001227 0.909568 0.257477 0.652090
3.620000 -0.006450 0.082178 -0.006450 -0.001424 0.001206 1.036258 0.252164 0.784094
3.630000 0.004100 0.086833 0.004100 -0.001425 0.001193 0.660428 0.251971 0.408458
3.640000 0.012629 -0.206845 0.012629 -0.001419 0.001157 0.777340 0.250968 0.526372
3.650000 -0.007293 0.151565 -0.007293 -0.001412 0.001121 0.720298 0.253055 0.467243
3.660000 0.030980 -0.066967 0.030980 -0.001395 0.001051 0.903855 0.256605 0.647250
3.670000 -0.011684 0.285289 -0.011684 -0.001371 0.000962 0.846506 0.253695 0.592811
3.680000 -0.007707 0.270265 -0.007707 -0.001360 0.000919 1.129615 0.255072 0.874543
3.690000 -0.018126 0.091787 -0.018126 -0.001361 0.000929 0.722551 0.250396 0.472155
3.700000 -0.002155 0.199682 -0.002155 -0.001371 0.000976 0.849152 0.253547 0.595605
3.710000 0.002410 0.057507 0.002410 -0.001380 0.001022 0.662360 0.250097 0.412263
3.720000 0.015960 -0.076315 0.015960 -0.001379 0.001037 0.646195 0.251192 0.395003
3.730000 -0.015424 -0.084789 -0.015424 -0.001379 0.001057 0.695708 0.253305 0.442403
3.740000 -0.009398 -0.064925 -0.009398 -0.001391 0.001123 0.660167 0.251841 0.408326
3.750000 0.034104 -0.280641 0.034104 -0.001389 0.001146 1.060688 0.254094 0.806594
3.760000 -0.000917 0.098744 -0.000917 -0.001374 0.001121 0.832385 0.252145 0.580239
3.770000 -0.002923 0.445490 -0.002923 -0.001362 0.001113 0.788194 0.257980 0.530214
3.780000 0.016322 0.287389 0.016322 -0.001346 0.001092 1.027292 0.255235 0.772057
3.790000 -0.010687 -0.131066 -0.010687 -0.001329 0.001074 0.918002 0.253378 0.664625
3.800000 -0.023153 0.092330 -0.023153 -0.001329 0.001125 0.758865 0.256299 0.502566
3.810000 0.020958 0.271492 0.020958 -0.001331 0.001182 0.977386 0.255589 0.721797
3.820000 0.015650 0.146341 0.015650 -0.001316 0.001183 0.826081 0.253994 0.572087
3.830000 0.016289 0.376051 0.016289 -0.001288 0.001142 0.720998 0.250796 0.470202
3.840000 -0.007070 0.049039 -0.007070 -0.001261 0.001103 0.856554 0.251585 0.604969
3.850000 0.004250 0.045566 0.004250 -0.001237 0.001085 0.552614 0.253707 0.298907
3.860000 0.016710 -0.033774 0.016710 -0.001207 0.001045 0.921449 0.250994 0.670455
3.870000 0.008482 0.071985 0.008482 -0.001169 0.000982 0.676110 0.250964 0.425146
3.880000 0.003584 0.016739 0.003584 -0.001131 0.000918 1.008319 0.253189 0.755130
3.890000 0.001806 -0.072458 0.001806 -0.001094 0.000866 0.728370 0.251516 0.476855
3.900000 0.009645 0.014034 0.009645 -0.001057 0.000813 0.984737 0.251446 0.733291
3.910000 0.018121 0.018620 0.018121 -0.001011 0.000733 1.012986 0.257026 0.755960
3.920000 0.023497 0.182218 0.023497 -0.000953 0.000606 0.939545 0.255377 0.684168
3.930000 0.003842 0.204068 0.003842 -0.000888 0.000461 0.926595 0.254229 0.672366
3.940000 0.020861 0.221543 0.020861 -0.000821 0.000303 0.926240 0.255135 0.671105
3.950000 0.007470 0.409205 0.007470 -0.000748 0.000129 0.894292 0.250857 0.643435
3.960000 0.019021 0.208623 0.019021 -0.000671 -0.000059 0.985579 0.253157 0.732422
3.970000 -0.018576 0.084217 -0.018576 -0.000604 -0.000214 0.918192 0.253441 0.664751
3.980000 -0.009369 0.173962 -0.009369 -0.000556 -0.000296 0.684772 0.249773 0.434999
3.990000 -0.000746 -0.043401 -0.000746 -0.000518 -0.000341 0.676757 0.251405 0.425353
4.000000 0.016554 0.043470 0.016554 -0.000477 -0.000400 0.839068 0.254196 0.584872
4.010000 0.013619 -0.071525 0.013619 -0.000427 -0.000492 1.199338 0.254584 0.944754
4.020000 -0.004010 -0.028272 -0.004010 -0.000379 -0.000582 1.040365 0.254823 0.785542
4.030000 -0.006822 -0.075789 -0.006822 -0.000341 -0.000635 0.846146 0.250489 0.595657
4.040000 0.000708 0.063992 0.000708 -0.000309 -0.000665 1.231745 0.249689 0.982056
4.050000 -0.005027 -0.154572 -0.005027 -0.000283 -0.000677 0.783388 0.251631 0.531757
4.060000 -0.007756 0.070578 -0.007756 -0.000266 -0.000660 0.688951 0.251054 0.437897
4.070000 -0.002659 0.196159 -0.002659 -0.000255 -0.000621 0.917420 0.253665 0.663756
4.080000 -0.009030 -0.364245 -0.009030 -0.000250 -0.000560 1.082650 0.250935 0.831716
4.090000 0.007709 0.120243 0.007709 -0.000246 -0.000498 0.962280 0.253446 0.708834
4.100000 0.007279 0.205594 0.007279 -0.000236 -0.000461 0.851020 0.250998 0.600022
4.110000 0.015133 -0.012044 0.015133 -0.000217 -0.000460 0.886582 0.252044 0.634538
4.120000 0.002119 0.197976 0.002119 -0.000193 -0.000481 0.791118 0.253420 0.537698
4.130000 -0.015553 -0.126468 -0.015553 -0.000177 -0.000471 0.888940 0.251107 0.637833
4.140000 0.009793 -0.111313 0.009793 -0.000165 -0.000448 0.891368 0.251025 0.640343
4.150000 0.006303 0.115979 0.006303 -0.000148 -0.000448 0.934083 0.252813 0.681271
4.160000 0.001938 -0.010707 0.001938 -0.000129 -0.000456 0.825581 0.250997 0.574584
4.170000 -0.003623 0.167547 -0.003623 -0.000112 -0.000455 0.885443 0.250680 0.634763
4.180000 -0.000954 -0.113984 -0.000954 -0.000100 -0.000442 0.750392 0.250331 0.500062
4.190000 -0.005744 -0.074077 -0.005744 -0.000091 -0.000414 1.082258 0.253102 0.829156
4.200000 -0.000289 0.210528 -0.000289 -0.000087 -0.000374 0.724944 0.251587 0.473357
4.210000 0.010828 0.197542 0.010828 -0.000078 -0.000352 0.669209 0.254507 0.414702
4.220000 0.008841 0.139226 0.008841 -0.000061 -0.000360 0.802331 0.249707 0.552624
4.230000 -0.025091 0.211118 -0.025091 -0.000053 -0.000334 0.882820 0.252945 0.629876
4.240000 0.000444 -0.044878 0.000444 -0.000057 -0.000267 0.977527 0.252670 0.724857
4.250000 0.015930 -0.113178 0.015930 -0.000054 -0.000230 0.917963 0.250008 0.667955
4.260000 0.026421 0.429447 0.026421 -0.000031 -0.000264 0.968260 0.253367 0.714893
4.270000 -0.004910 0.107913 -0.004910 -0.000002 -0.000324 0.818924 0.253132 0.565792
4.280000 0.024666 0.277733 0.024666 0.000033 -0.000407 1.023726 0.252544 0.771182
4.290000 0.001840 0.241702 0.001840 0.000076 -0.000520 0.714307 0.252375 0.461932
4.300000 0.002165 0.044365 0.002165 0.000115 -0.000624 0.821090 0.250627 0.570462
4.310000 -0.005408 -0.179751 -0.005408 0.000149 -0.000709 0.969988 0.250791 0.719197
4.320000 0.006636 0.193448 0.006636 0.000180 -0.000785 0.977954 0.250995 0.726959
4.330000 -0.006033 0.127946 -0.006033 0.000208 -0.000851 0.749346 0.251420 0.497926
4.340000 -0.011437 0.243779 -0.011437 0.000225 -0.000880 0.755192 0.249928 0.505265
4.350000 -0.003383 -0.068735 -0.003383 0.000233 -0.000882 0.788086 0.254560 0.533526
4.360000 -0.005477 0.144845 -0.005477 0.000237 -0.000869 1.077495 0.254576 0.822919
4.370000 0.015008 0.053421 0.015008 0.000245 -0.000874 0.955657 0.253772 0.701885
4.380000 -0.023380 -0.090882 -0.023380 0.000248 -0.000865 1.026833 0.252133 0.774700
4.390000 0.010412 -0.007084 0.010412 0.000246 -0.000837 0.839571 0.253599 0.585971
4.400000 0.006866 0.025741 0.006866 0.000251 -0.000843 0.647698 0.253649 0.394049
4.410000 0.008366 0.036141 0.008366 0.000263 -0.000876 0.562857 0.248800 0.314057
4.420000 -0.024618 0.171476 -0.024618 0.000266 -0.000879 0.801925 0.250078 0.551847
4.430000 0.003971 0.043105 0.003971 0.000260 -0.000851 0.803177 0.253563 0.549614
4.440000 -0.007051 0.176293 -0.007051 0.000253 -0.000824 0.852004 0.251252 0.600752
4.450000 -0.031502 -0.122733 -0.031502 0.000230 -0.000738 0.638058 0.250909 0.387149
4.460000 -0.010340 -0.013548 -0.010340 0.000191 -0.000595 0.588652 0.249755 0.338897
4.470000 -0.007670 0.001934 -0.007670 0.000149 -0.000442 0.575470 0.253093 0.322378
4.480000 -0.003296 -0.102401 -0.003296 0.000106 -0.000291 0.568085 0.251337 0.316748
4.490000 0.005375 0.192125 0.005375 0.000070 -0.000162 0.949726 0.254174 0.695552
4.500000 -0.008666 0.079716 -0.008666 0.000036 -0.000044 0.663677 0.250687 0.412990
4.510000 0.006848 0.121882 0.006848 0.000005 0.000063 0.882649 0.253374 0.629274
4.520000 -0.004224 0.033863 -0.004224 -0.000021 0.000153 0.943901 0.251533 0.692368
4.530000 0.010365 -0.019749 0.010365 -0.000042 0.000221 0.814141 0.250498 0.563644
4.540000 -0.015626 0.084741 -0.015626 -0.000063 0.000292 0.937030 0.252531 0.684499
4.550000 0.011417 0.188868 0.011417 -0.000083 0.000361 0.839058 0.250824 0.588234
4.560000 -0.002597 -0.148835 -0.002597 -0.000097 0.000408 0.833456 0.251945 0.581511
4.570000 0.007863 0.172164 0.007863 -0.000107 0.000443 0.983366 0.255170 0.728195
4.580000 0.011047 -0.169169 0.011047 -0.000108 0.000443 0.714170 0.250484 0.463686
4.590000 -0.021586 -0.170323 -0.021586 -0.000114 0.000464 1.033654 0.255043 0.778611
4.600000 0.012685 0.243446 0.012685 -0.000122 0.000498 0.732614 0.252480 0.480133
4.610000 -0.015089 0.097317 -0.015089 -0.000131 0.000535 0.896386 0.253750 0.642636
4.620000 0.010547 -0.033879 0.010547 -0.000141 0.000578 0.952484 0.252042 0.700442
4.630000 -0.004613 0.305642 -0.004613 -0.000148 0.000609 0.994998 0.251165 0.743833
4.640000 -0.012102 -0.097414 -0.012102 -0.000161 0.000668 0.693618 0.250046 0.443572
4.650000 0.008240 0.287428 0.008240 -0.000175 0.000731 1.140443 0.252465 0.887977
4.660000 -0.001619 0.079280 -0.001619 -0.000184 0.000780 1.088978 0.255174 0.833804
4.670000 -0.003351 0.252174 -0.003351 -0.000194 0.000837 1.062259 0.252856 0.809403
4.680000 0.009995 -0.073731 0.009995 -0.000201 0.000881 1.048530 0.253891 0.794639
4.690000 0.012582 -0.178036 0.012582 -0.000197 0.000889 0.751073 0.251666 0.499407
4.700000 -0.006163 -0.085522 -0.006163 -0.000190 0.000892 0.797237 0.254374 0.542863
4.710000 0.020298 0.072192 0.020298 -0.000178 0.000877 0.828760 0.252919 0.575841
4.720000 0.013027 0.136070 0.013027 -0.000153 0.000816 0.583877 0.250567 0.333310
4.730000 0.001142 -0.114165 0.001142 -0.000125 0.000746 0.812718 0.251386 0.561332
4.740000 -0.007544 0.117765 -0.007544 -0.000102 0.000701 0.859087 0.252075 0.607011
4.750000 0.008848 0.236864 0.008848 -0.000082 0.000667 0.865820 0.252876 0.612944
4.760000 -0.009771 -0.109585 -0.009771 -0.000065 0.000646 0.878622 0.253198 0.625423
4.770000 0.000414 -0.001801 0.000414 -0.000053 0.000650 0.849322 0.252492 0.596829
4.780000 -0.007023 0.094570 -0.007023 -0.000046 0.000674 0.637236 0.254415 0.382821
4.790000 0.017376 0.081922 0.017376 -0.000036 0.000685 0.806039 0.252420 0.553619
4.800000 0.013725 0.161485 0.013725 -0.000012 0.000651 0.778139 0.255414 0.522725
4.810000 0.025286 0.046456 0.025286 0.000026 0.000565 0.768081 0.250876 0.517205
4.820000 -0.013661 0.186653 -0.013661 0.000064 0.000479 0.945348 0.252815 0.692533
4.830000 -0.000012 0.154132 -0.000012 0.000092 0.000434 0.955109 0.254679 0.700430
4.840000 -0.002972 -0.059011 -0.002972 0.000116 0.000408 0.858361 0.253502 0.604859
4.850000 0.043041 -0.163866 0.043041 0.000155 0.000325 1.198566 0.260013 0.938553
4.860000 -0.008005 0.193504 -0.008005 0.000205 0.000203 0.574643 0.249535 0.325108
4.870000 0.017919 -0.132574 0.017919 0.000253 0.000085 0.842072 0.253036 0.589035
4.880000 -0.003110 -0.068091 -0.003110 0.000303 -0.000036 0.701894 0.251320 0.450574
4.890000 0.016543 0.036988 0.016543 0.000353 -0.000158 0.688226 0.252960 0.435267
4.900000 0.024122 0.136007 0.024122 0.000416 -0.000329 1.142322 0.253145 0.889178
4.910000 -0.009429 0.258744 -0.009429 0.000478 -0.000498 1.071530 0.254567 0.816963
4.920000 -0.008509 0.411019 -0.008509 0.000525 -0.000612 0.746169 0.250385 0.495784
4.930000 0.010985 -0.044939 0.010985 0.000568 -0.000715 0.985055 0.250914 0.734141
4.940000 -0.000401 -0.504806 -0.000401 0.000611 -0.000819 0.855157 0.249740 0.605417
4.950000 -0.016889 0.130569 -0.016889 0.000642 -0.000880 0.850246 0.252846 0.597400
4.960000 0.002183 0.030281 0.002183 0.000662 -0.000907 0.644507 0.250460 0.394047
4.970000 -0.034765 0.138754 -0.034765 0.000666 -0.000874 0.716792 0.252046 0.464745
4.980000 0.002048 -0.159823 0.002048 0.000656 -0.000790 0.717022 0.250754 0.466268
4.990000 -0.005328 -0.159727 -0.005328 0.000645 -0.000707 0.751601 0.252941 0.498661
5.000000 -0.008046 0.173599 -0.008046 0.000629 -0.000611 0.684783 0.250292 0.434491
5.010000 0.003151 -0.002838 0.003151 0.000613 -0.000515 1.265722 0.260416 1.005306
5.020000 0.013033 -0.024446 0.013033 0.000607 -0.000456 1.239528 0.256365 0.983163
5.030000 -0.012678 0.113251 -0.012678 0.000601 -0.000401 0.728482 0.250336 0.478146
5.040000 0.015616 0.007771 0.015616 0.000597 -0.000356 0.884411 0.251052 0.633359
5.050000 -0.005361 0.122285 -0.005361 0.000598 -0.000330 0.886914 0.254601 0.632312
5.060000 -0.009829 -0.043628 -0.009829 0.000593 -0.000280 0.899261 0.251150 0.648111
5.070000 -0.022102 0.104973 -0.022102 0.000574 -0.000180 0.883752 0.253825 0.629927
5.080000 0.006605 -0.174735 0.006605 0.000550 -0.000064 0.678674 0.251778 0.426897
5.090000 0.023994 0.013485 0.023994 0.000543 -0.000010 0.757092 0.252347 0.504744
5.100000 0.000285 -0.341156 0.000285 0.000547 0.000001 1.067825 0.251045 0.816780
5.110000 0.001825 0.193843 0.001825 0.000551 0.000011 0.824910 0.250939 0.573971
5.120000 -0.024871 0.155998 -0.024871 0.000545 0.000062 0.855820 0.255291 0.600528
5.130000 -0.002268 -0.223762 -0.002268 0.000527 0.000155 0.764797 0.251782 0.513015
5.140000 0.004615 -0.076519 0.004615 0.000513 0.000237 0.787453 0.251508 0.535945
5.150000 0.024916 -0.200841 0.024916 0.000513 0.000264 1.009786 0.253992 0.755793
5.160000 -0.013156 0.174886 -0.013156 0.000519 0.000274 1.252589 0.255057 0.997532
5.170000 0.011379 0.008672 0.011379 0.000523 0.000290 0.860091 0.254838 0.605253
5.180000 -0.001209 0.123971 -0.001209 0.000530 0.000291 0.898941 0.253109 0.645833
5.190000 0.004549 -0.072499 0.004549 0.000539 0.000292 0.912619 0.251611 0.661008
5.200000 0.006020 -0.097516 0.006020 0.000551 0.000280 0.761526 0.250250 0.511277
5.210000 0.008335 -0.096598 0.008335 0.000568 0.000250 0.758049 0.250265 0.507785
5.220000 0.016587 -0.153757 0.016587 0.000595 0.000187 0.926864 0.256631 0.670233
5.230000 0.026006 -0.131443 0.026006 0.000637 0.000064 0.932477 0.254461 0.678016
5.240000 -0.000676 0.032125 -0.000676 0.000686 -0.000082 0.797459 0.252841 0.544617
5.250000 0.030319 0.410562 0.030319 0.000743 -0.000258 0.992505 0.256414 0.736091
5.260000 0.000172 -0.062261 0.000172 0.000806 -0.000461 0.870805 0.251160 0.619645
5.270000 0.000512 0.174719 0.000512 0.000863 -0.000640 0.836422 0.253881 0.582541
5.280000 -0.020775 0.130108 -0.020775 0.000904 -0.000764 0.969966 0.257645 0.712321
5.290000 -0.010566 -0.098683 -0.010566 0.000927 -0.000822 0.703451 0.250017 0.453434
5.300000 -0.016631 0.215956 -0.016631 0.000936 -0.000828 0.881704 0.254431 0.627273
5.310000 -0.019281 0.118496 -0.019281 0.000927 -0.000774 0.913486 0.250783 0.662703
5.320000 0.015433 -0.118325 0.015433 0.000918 -0.000721 1.114235 0.257199 0.857036
5.330000 0.007617 0.072693 0.007617 0.000921 -0.000713 0.943179 0.250747 0.692432
5.340000 -0.010318 0.134423 -0.010318 0.000922 -0.000703 1.041394 0.253300 0.788094
5.350000 -0.020796 0.242382 -0.020796 0.000909 -0.000642 0.988066 0.252177 0.735888
5.360000 -0.014147 0.180159 -0.014147 0.000882 -0.000532 0.658778 0.251794 0.406984
5.370000 0.017347 0.051915 0.017347 0.000860 -0.000442 0.734632 0.249858 0.484773
5.380000 0.004346 0.071354 0.004346 0.000850 -0.000399 0.755068 0.252761 0.502307
5.390000 0.000470 0.055794 0.000470 0.000843 -0.000369 0.688222 0.251873 0.436348
5.400000 -0.013703 -0.042039 -0.013703 0.000832 -0.000322 0.614272 0.250461 0.363810
5.410000 0.004545 0.276994 0.004545 0.000817 -0.000266 0.946028 0.252397 0.693630
5.420000 0.012943 -0.111956 0.012943 0.000812 -0.000247 1.063792 0.253514 0.810278
5.430000 0.012260 0.361902 0.012260 0.000819 -0.000273 1.031069 0.253778 0.777291
5.440000 -0.016985 0.089077 -0.016985 0.000823 -0.000288 0.833885 0.252813 0.581072
5.450000 0.000620 0.067326 0.000620 0.000819 -0.000276 0.740837 0.252804 0.488033
5.460000 -0.006914 0.059028 -0.006914 0.000813 -0.000257 0.973868 0.252357 0.721511
5.470000 0.002570 -0.193657 0.002570 0.000806 -0.000234 0.853810 0.251570 0.602240
5.480000 -0.011035 0.344214 -0.011035 0.000796 -0.000200 1.067690 0.254412 0.813278
5.490000 -0.012675 0.316345 -0.012675 0.000776 -0.000132 1.045595 0.252627 0.792969
5.500000 0.023823 0.370899 0.023823 0.000764 -0.000093 0.902702 0.252522 0.650180
5.510000 -0.020733 0.143213 -0.020733 0.000754 -0.000063 0.952887 0.251113 0.701774
5.520000 -0.011627 -0.057913 -0.011627 0.000731 0.000017 0.715211 0.250191 0.465020
5.530000 -0.015213 0.184310 -0.015213 0.000699 0.000131 0.779395 0.252204 0.527192
5.540000 0.000201 0.155894 0.000201 0.000664 0.000257 0.978388 0.254767 0.723621
5.550000 -0.003168 -0.038855 -0.003168 0.000631 0.000375 0.632988 0.252205 0.380783
5.560000 -0.005765 0.307158 -0.005765 0.000598 0.000495 0.989240 0.255201 0.734039
5.570000 -0.009389 -0.355812 -0.009389 0.000562 0.000629 0.745322 0.250078 0.495244
5.580000 0.009852 0.234224 0.009852 0.000530 0.000748 0.426629 0.251582 0.175047
5.590000 0.011289 0.074042 0.011289 0.000511 0.000823 1.018371 0.255142 0.763230
5.600000 -0.017783 0.115074 -0.017783 0.000491 0.000904 0.942453 0.253848 0.688604
5.610000 0.006157 0.068194 0.006157 0.000468 0.001000 0.872749 0.251421 0.621328
5.620000 0.023632 0.147466 0.023632 0.000461 0.001039 1.447836 0.256269 1.191567
5.630000 0.017390 0.257201 0.017390 0.000472 0.001012 1.302247 0.251928 1.050319
5.640000 -0.006129 0.187611 -0.006129 0.000487 0.000976 0.716103 0.252682 0.463421
5.650000 0.000373 0.012821 0.000373 0.000498 0.000961 1.254039 0.257094 0.996944
5.660000 0.000499 -0.224490 0.000499 0.000508 0.000952 0.978467 0.254504 0.723962
5.670000 0.019934 0.294420 0.019934 0.000525 0.000917 0.991571 0.252520 0.739050
5.680000 0.004708 -0.063657 0.004708 0.000552 0.000852 1.001816 0.256167 0.745649
5.690000 0.011711 0.038242 0.011711 0.000583 0.000775 0.792444 0.254798 0.537646
5.700000 0.017885 0.060267 0.017885 0.000623 0.000664 1.046635 0.253584 0.793051
5.710000 -0.018284 0.196661 -0.018284 0.000658 0.000575 0.862829 0.252606 0.610223
5.720000 -0.004705 0.186370 -0.004705 0.000679 0.000541 0.801496 0.252426 0.549070
5.730000 -0.010614 0.098512 -0.010614 0.000691 0.000545 0.971471 0.254116 0.717355
5.740000 0.015576 0.247807 0.015576 0.000704 0.000546 0.933604 0.256586 0.677017
5.750000 0.017321 0.106402 0.017321 0.000729 0.000500 0.953772 0.253388 0.700384
5.760000 0.007536 -0.030938 0.007536 0.000763 0.000426 0.748922 0.251842 0.497081
5.770000 0.003176 -0.010570 0.003176 0.000798 0.000350 0.541919 0.250547 0.291371
5.780000 0.000266 0.004316 0.000266 0.000830 0.000285 1.189764 0.258164 0.931600
5.790000 0.000549 0.163392 0.000549 0.000859 0.000234 0.789980 0.251481 0.538499
5.800000 0.002258 0.114598 0.002258 0.000886 0.000190 0.848093 0.251333 0.596760
5.810000 0.006904 -0.027723 0.006904 0.000914 0.000144 0.809019 0.256815 0.552203
5.820000 0.026388 0.096986 0.026388 0.000954 0.000054 0.861019 0.256273 0.604746
5.830000 0.006870 0.035086 0.006870 0.001004 -0.000074 0.643065 0.251567 0.391498
5.840000 0.020737 0.067088 0.020737 0.001060 -0.000228 0.570244 0.251568 0.318676
5.850000 -0.003211 -0.093319 -0.003211 0.001118 -0.000387 0.809076 0.252028 0.557048
5.860000 -0.029061 0.127555 -0.029061 0.001155 -0.000469 0.830289 0.254543 0.575746
5.870000 -0.005150 0.020641 -0.005150 0.001173 -0.000481 0.774740 0.251361 0.523379
5.880000 -0.001793 0.095746 -0.001793 0.001186 -0.000476 0.831820 0.254734 0.577086
5.890000 -0.010857 0.141869 -0.010857 0.001192 -0.000446 0.991386 0.255841 0.735545
5.900000 -0.009407 -0.123943 -0.009407 0.001188 -0.000382 0.786373 0.252221 0.534153
5.910000 0.003286 0.149875 0.003286 0.001182 -0.000312 0.696391 0.253080 0.443311
5.920000 -0.012870 0.144843 -0.012870 0.001172 -0.000229 0.862665 0.255345 0.607320
5.930000 -0.018895 0.141715 -0.018895 0.001150 -0.000097 0.819381 0.254165 0.565216
5.940000 0.003435 0.180196 0.003435 0.001123 0.000049 0.720795 0.253023 0.467772
5.950000 -0.008567 0.049438 -0.008567 0.001097 0.000194 0.855428 0.252971 0.602457
5.960000 0.014852 0.319784 0.014852 0.001076 0.000317 0.973723 0.255554 0.718169
5.970000 -0.013932 -0.296335 -0.013932 0.001059 0.000432 0.982603 0.257101 0.725503
5.980000 -0.014650 0.124387 -0.014650 0.001030 0.000589 1.050250 0.257151 0.793099
5.990000 0.022516 -0.171518 0.022516 0.001008 0.000722 0.963845 0.255920 0.707925
6.000000 0.014931 0.251902 0.014931 0.001005 0.000787 0.553668 0.252661 0.301007
6.010000 0.015255 -0.016777 0.015255 0.001016 0.000804 0.902187 0.253018 0.649168
6.020000 0.013924 -0.173823 0.013924 0.001039 0.000780 1.117383 0.256408 0.860975
6.030000 -0.002918 0.188596 -0.002918 0.001063 0.000751 0.964856 0.255619 0.709237
6.040000 0.004456 -0.062109 0.004456 0.001086 0.000733 0.871429 0.253393 0.618036
6.050000 -0.010866 -0.016698 -0.010866 0.001102 0.000738 0.866049 0.256605 0.609444
6.060000 0.020296 -0.258377 0.020296 0.001122 0.000737 0.976777 0.252557 0.724220
6.070000 -0.003633 0.145254 -0.003633 0.001146 0.000721 0.992470 0.254568 0.737902
6.080000 0.013333 -0.127549 0.013333 0.001172 0.000701 0.798460 0.256861 0.541599
6.090000 -0.014973 0.043599 -0.014973 0.001193 0.000698 0.736621 0.254214 0.482407
6.100000 -0.009323 0.188323 -0.009323 0.001202 0.000748 1.120674 0.257352 0.863321
6.110000 0.030764 -0.072012 0.030764 0.001219 0.000768 1.074455 0.253996 0.820459
6.120000 0.008113 -0.043748 0.008113 0.001252 0.000734 0.660612 0.253302 0.407311
6.130000 0.002850 -0.082237 0.002850 0.001285 0.000699 0.642815 0.252682 0.390133
6.140000 0.014988 0.088649 0.014988 0.001323 0.000651 0.997065 0.252757 0.744308
6.150000 0.004045 -0.080023 0.004045 0.001364 0.000590 0.806014 0.251856 0.554159
6.160000 0.013431 -0.032204 0.013431 0.001409 0.000519 1.093053 0.255478 0.837574
6.170000 0.025629 0.177856 0.025629 0.001466 0.000404 0.910470 0.254352 0.656118
6.180000 -0.002173 0.219914 -0.002173 0.001527 0.000277 0.713624 0.256052 0.457571
6.190000 0.014335 0.023542 0.014335 0.001586 0.000156 0.738223 0.253496 0.484728
6.200000 -0.015748 -0.346359 -0.015748 0.001638 0.000064 0.988536 0.255606 0.732930
6.210000 0.015432 0.051393 0.015432 0.001684 -0.000007 0.833641 0.255530 0.578111
6.220000 0.001969 -0.235933 0.001969 0.001733 -0.000086 0.979873 0.255045 0.724827
6.230000 0.024484 -0.201013 0.024484 0.001788 -0.000191 0.752257 0.254300 0.497957
6.240000 -0.003765 -0.030320 -0.003765 0.001846 -0.000306 0.939307 0.253554 0.685753
6.250000 -0.004714 0.265587 -0.004714 0.001893 -0.000385 0.879634 0.254088 0.625545
6.260000 -0.008075 0.198461 -0.008075 0.001930 -0.000423 0.809506 0.253890 0.555616
6.270000 -0.014260 -0.310029 -0.014260 0.001952 -0.000411 0.965972 0.253956 0.712016
6.280000 0.018534 0.095378 0.018534 0.001975 -0.000398 1.078778 0.255287 0.823492
6.290000 0.006053 0.111059 0.006053 0.002005 -0.000419 0.801584 0.253032 0.548552
6.300000 -0.000454 0.013595 -0.000454 0.002035 -0.000438 0.782236 0.254371 0.527865
6.310000 -0.004085 -0.053148 -0.004085 0.002059 -0.000438 0.802906 0.256901 0.546005
6.320000 0.012927 -0.122679 0.012927 0.002085 -0.000445 0.761783 0.253559 0.508224
6.330000 -0.006033 0.031334 -0.006033 0.002111 -0.000454 0.740380 0.252982 0.487398
6.340000 0.009760 -0.225854 0.009760 0.002136 -0.000461 0.900910 0.254802 0.646108
6.350000 -0.003640 0.139618 -0.003640 0.002161 -0.000469 0.637356 0.252127 0.385230
6.360000 -0.001828 0.155696 -0.001828 0.002180 -0.000459 0.816469 0.252507 0.563963
6.370000 -0.001110 -0.257081 -0.001110 0.002196 -0.000439 0.887505 0.258039 0.629466
6.380000 0.008962 0.271503 0.008962 0.002214 -0.000427 0.984226 0.256694 0.727532
6.390000 0.012812 0.179487 0.012812 0.002240 -0.000445 0.693965 0.251741 0.442224
6.400000 -0.017915 0.184920 -0.017915 0.002261 -0.000445 1.159397 0.258359 0.901037
6.410000 0.032212 0.108080 0.032212 0.002285 -0.000464 1.118162 0.255401 0.862761
6.420000 -0.007446 -0.198778 -0.007446 0.002318 -0.000514 0.686134 0.252758 0.433375
6.430000 -0.012384 -0.082173 -0.012384 0.002339 -0.000520 0.989555 0.255765 0.733790
6.440000 0.011527 0.133503 0.011527 0.002357 -0.000518 0.921061 0.254939 0.666122
6.450000 -0.005137 -0.137642 -0.005137 0.002376 -0.000521 0.517411 0.254809 0.262602
6.460000 -0.010955 -0.252816 -0.010955 0.002385 -0.000492 0.606812 0.253180 0.353632
6.470000 0.021476 0.042384 0.021476 0.002399 -0.000479 0.943951 0.253815 0.690136
6.480000 -0.029231 -0.133196 -0.029231 0.002407 -0.000447 0.599993 0.255092 0.344902
6.490000 -0.011510 -0.082131 -0.011510 0.002396 -0.000347 1.168989 0.255851 0.913138
6.500000 0.019974 0.225532 0.019974 0.002391 -0.000268 0.692422 0.256372 0.436050
6.510000 0.003040 -0.022786 0.003040 0.002396 -0.000231 1.007708 0.255702 0.752006
6.520000 0.005065 0.035512 0.005065 0.002405 -0.000205 0.980866 0.255316 0.725550
6.530000 0.002327 0.187800 0.002327 0.002415 -0.000189 0.750165 0.252837 0.497328
6.540000 -0.000467 -0.371230 -0.000467 0.002426 -0.000173 0.867361 0.253575 0.613787
6.550000 -0.002236 0.031247 -0.002236 0.002434 -0.000148 0.699633 0.253298 0.446335
6.560000 0.018281 -0.090355 0.018281 0.002448 -0.000148 0.952882 0.253906 0.698976
6.570000 0.001138 0.190428 0.001138 0.002470 -0.000174 0.742128 0.254222 0.487907
6.580000 -0.003948 0.019305 -0.003948 0.002487 -0.000187 0.741236 0.252904 0.488332
6.590000 0.020487 0.136868 0.020487 0.002511 -0.000222 1.051313 0.258031 0.793282
6.600000 -0.037185 -0.376704 -0.037185 0.002523 -0.000218 0.804141 0.255954 0.548187
6.610000 0.002298 0.035361 0.002298 0.002520 -0.000153 0.985403 0.254904 0.730499
6.620000 0.001117 0.237705 0.001117 0.002518 -0.000095 1.184987 0.260340 0.924647
6.630000 0.024136 0.154988 0.024136 0.002528 -0.000082 0.570475 0.254665 0.315810
6.640000 0.005519 -0.088350 0.005519 0.002549 -0.000114 0.906740 0.254296 0.652443
6.650000 0.012430 0.024259 0.012430 0.002577 -0.000167 0.716797 0.254931 0.461866
6.660000 0.005641 0.264567 0.005641 0.002609 -0.000240 0.908233 0.254697 0.653536
6.670000 -0.007062 0.118798 -0.007062 0.002637 -0.000297 0.987042 0.254667 0.732376
6.680000 -0.006558 -0.151630 -0.006558 0.002656 -0.000321 0.816607 0.254793 0.561815
6.690000 -0.003813 -0.162745 -0.003813 0.002668 -0.000321 0.816415 0.254369 0.562047
6.700000 -0.009199 0.091660 -0.009199 0.002673 -0.000295 0.734680 0.253413 0.481267
6.710000 0.006018 0.111988 0.006018 0.002676 -0.000264 0.822004 0.254894 0.567110
6.720000 0.000490 -0.193174 0.000490 0.002682 -0.000243 1.043131 0.254537 0.788595
6.730000 0.002423 0.140847 0.002423 0.002688 -0.000226 0.669616 0.253807 0.415809
6.740000 0.000995 0.131930 0.000995 0.002695 -0.000212 0.721903 0.253784 0.468119
6.750000 -0.007384 0.379280 -0.007384 0.002699 -0.000186 0.922777 0.253999 0.668778
6.760000 0.003481 0.244574 0.003481 0.002701 -0.000152 1.066801 0.255788 0.811013
6.770000 -0.011124 0.282175 -0.011124 0.002698 -0.000106 1.017313 0.256137 0.761176
6.780000 0.010483 0.290426 0.010483 0.002696 -0.000060 1.400289 0.255712 1.144577
6.790000 0.001139 0.042894 0.001139 0.002700 -0.000035 0.752601 0.253930 0.498671
6.800000 -0.000083 -0.192071 -0.000083 0.002703 -0.000010 0.918930 0.256236 0.662695
6.810000 -0.007107 0.247219 -0.007107 0.002703 0.000029 0.733917 0.257749 0.476168
6.820000 0.000380 -0.016380 0.000380 0.002700 0.000078 0.900429 0.256370 0.644059
6.830000 0.005522 0.066138 0.005522 0.002700 0.000117 1.043923 0.258917 0.785006
6.840000 0.009492 0.165412 0.009492 0.002706 0.000131 0.886385 0.253677 0.632707
6.850000 -0.006486 0.097808 -0.006486 0.002713 0.000143 0.871661 0.257189 0.614472
6.860000 -0.004180 -0.017978 -0.004180 0.002715 0.000177 0.975636 0.255783 0.719853
6.870000 0.009599 -0.012132 0.009599 0.002719 0.000203 0.832953 0.256102 0.576851
6.880000 0.005979 0.222128 0.005979 0.002729 0.000206 0.814958 0.258497 0.556461
6.890000 -0.001793 0.270946 -0.001793 0.002740 0.000207 0.824860 0.255075 0.569786
6.900000 0.022966 0.032366 0.022966 0.002759 0.000177 0.827878 0.255708 0.572170
6.910000 0.006925 -0.149331 0.006925 0.002789 0.000107 0.926798 0.255395 0.671403
6.920000 -0.000397 -0.068854 -0.000397 0.002819 0.000040 0.803791 0.253911 0.549880
6.930000 0.018037 0.156736 0.018037 0.002853 -0.000045 0.694454 0.252509 0.441945
6.940000 0.002324 0.199708 0.002324 0.002893 -0.000149 0.661478 0.254079 0.407400
6.950000 -0.002326 0.211065 -0.002326 0.002927 -0.000237 0.975196 0.256751 0.718445
6.960000 0.017033 0.060155 0.017033 0.002965 -0.000337 0.951029 0.258330 0.692698
6.970000 0.009577 0.134018 0.009577 0.003011 -0.000466 1.135716 0.254719 0.880997
6.980000 0.003837 0.006474 0.003837 0.003057 -0.000600 0.838830 0.254425 0.584405
6.990000 -0.007440 -0.053852 -0.007440 0.003096 -0.000711 0.728383 0.254534 0.473849
