0.000000 -0.380365 -0.380365 nan -0.000172 3.140946 1316.930664 nan nan
0.010000 -0.350457 -0.350457 nan -0.000650 3.139158 1316.573975 nan nan
0.020000 -0.478496 -0.478496 nan -0.001443 3.136196 1315.169312 nan nan
0.030000 -0.348162 -0.348162 nan -0.002513 3.132217 1314.351929 nan nan
0.040000 -0.367865 -0.367865 nan -0.003779 3.127536 1313.805908 nan nan
0.050000 -0.476166 -0.476166 nan -0.005277 3.122038 1313.909180 nan nan
0.060000 -0.481871 -0.481871 nan -0.007029 3.115659 1312.803589 nan nan
0.070000 -0.529820 -0.529820 nan -0.009030 3.108442 1314.000977 nan nan
0.080000 -0.483615 -0.483615 nan -0.011251 3.100524 1313.538574 nan nan
0.090000 -0.924735 -0.924735 nan -0.013846 3.091357 1306.706787 nan nan
0.100000 -0.911590 -0.911590 nan -0.016957 3.080443 1296.455322 nan nan
0.110000 -0.811464 -0.811464 nan -0.020472 3.068238 1285.513184 nan nan
0.120000 -0.770586 -0.770586 nan -0.024283 3.055197 1276.524658 nan nan
0.130000 -0.795020 -0.795020 nan -0.028348 3.041529 1267.404297 nan nan
0.140000 -0.967318 -0.967318 nan -0.032723 3.027069 1258.682983 nan nan
0.150000 -0.762469 -0.762469 nan -0.037354 3.012076 1249.160889 nan nan
0.160000 -0.813564 -0.813564 nan -0.042143 2.996969 1240.077637 nan nan
0.170000 -0.616697 -0.616697 nan -0.047004 2.982127 1230.938477 nan nan
0.180000 -0.662610 -0.662610 nan -0.051861 2.967883 1223.448364 nan nan
0.190000 -0.531145 -0.531145 nan -0.056673 2.954438 1215.306641 nan nan
0.200000 -0.543357 -0.543357 nan -0.061393 2.942021 1208.187988 nan nan
0.210000 -0.516751 -0.516751 nan -0.066021 2.930667 1201.003662 nan nan
0.220000 -0.479065 -0.479065 nan -0.070539 2.920489 1194.434814 nan nan
0.230000 -0.588554 -0.588554 nan -0.074990 2.911360 1188.333252 nan nan
0.240000 -0.410674 -0.410674 nan -0.079349 2.903410 1181.686523 nan nan
0.250000 -0.269235 -0.269235 nan -0.083484 2.897142 1176.275024 nan nan
0.260000 -0.464073 -0.464073 nan -0.087445 2.892393 1171.620361 nan nan
0.270000 -0.352512 -0.352512 nan -0.091287 2.888988 1165.438965 nan nan
0.280000 -0.225061 -0.225061 nan -0.094916 2.887273 1161.545288 nan nan
0.290000 -0.409860 -0.409860 nan -0.098385 2.887067 1156.812744 nan nan
0.300000 -0.316348 -0.316348 nan -0.101748 2.888169 1152.157959 nan nan
0.310000 -0.335795 -0.335795 nan -0.104986 2.890647 1147.899170 nan nan
0.320000 -0.241967 -0.241967 nan -0.108079 2.894564 1143.292847 nan nan
0.330000 -0.254679 -0.254679 nan -0.111010 2.899972 1139.074585 nan nan
0.340000 -0.226905 -0.226905 nan -0.113789 2.906810 1135.367920 nan nan
0.350000 -0.185662 -0.185662 nan -0.116404 2.915103 1131.700073 nan nan
0.360000 -0.031668 -0.031668 nan -0.118787 2.925070 1127.459961 nan nan
0.370000 0.014819 0.014819 nan -0.120877 2.936899 1123.919434 nan nan
0.380000 0.168028 0.168028 nan -0.122619 2.950754 1121.494629 nan nan
0.390000 0.218420 0.218420 nan -0.123964 2.966767 1117.561279 nan nan
0.400000 0.362079 0.362079 nan -0.124871 2.985036 1115.248535 nan nan
0.410000 0.255704 0.255704 nan -0.125378 3.005362 1113.199463 nan nan
0.420000 0.343043 0.343043 nan -0.125538 3.027475 1110.495728 nan nan
0.430000 0.599957 0.599957 nan -0.125239 3.051716 1108.350586 nan nan
0.440000 0.629628 0.629628 nan -0.124411 3.078263 1105.889282 nan nan
0.450000 0.588934 0.588934 nan -0.123123 3.106762 1103.848022 nan nan
0.460000 0.703235 0.703235 nan -0.121397 3.137028 1100.973145 nan nan
0.470000 0.695874 0.695874 nan -0.119243 3.168917 1098.164673 nan nan
0.480000 0.682127 0.682127 nan -0.116725 3.202073 1096.746704 nan nan
0.490000 0.714276 0.714276 nan -0.113881 3.236222 1096.250000 nan nan
0.500000 0.790439 0.790439 nan -0.110708 3.271255 1097.787598 nan nan
0.510000 0.778149 0.778149 nan -0.107222 3.306973 1099.073120 nan nan
0.520000 0.779765 0.779765 nan -0.103472 3.343064 1100.307251 nan nan
0.530000 0.945404 0.945404 nan -0.099419 3.379531 1101.604614 nan nan
0.540000 0.966798 0.966798 nan -0.095024 3.416376 1100.458496 nan nan
0.550000 0.966107 0.966107 nan -0.090324 3.453323 1098.902832 nan nan
0.560000 0.947860 0.947860 nan -0.085370 3.490051 1096.053223 nan nan
0.570000 0.967987 0.967987 nan -0.080195 3.526301 1093.036377 nan nan
0.580000 0.980254 0.980254 nan -0.074816 3.561882 1089.345581 nan nan
0.590000 0.995837 0.995837 nan -0.069248 3.596607 1084.005005 nan nan
0.600000 0.911730 0.911730 nan -0.063547 3.630166 1078.385132 nan nan
0.610000 0.959210 0.959210 nan -0.057745 3.662331 1073.049438 nan nan
0.620000 0.809544 0.809544 nan -0.051901 3.692806 1066.707642 nan nan
0.630000 0.807086 0.807086 nan -0.046084 3.721269 1060.793823 nan nan
0.640000 0.818509 0.818509 nan -0.040286 3.747655 1055.510742 nan nan
0.650000 0.810660 0.810660 nan -0.034505 3.771896 1048.871582 nan nan
0.660000 0.869418 0.869418 nan -0.028716 3.793995 1042.699829 nan nan
0.670000 0.759433 0.759433 nan -0.022940 3.813819 1035.330566 nan nan
0.680000 0.513690 0.513690 nan -0.017326 3.830882 1028.818726 nan nan
0.690000 0.647477 0.647477 nan -0.011898 3.845067 1022.810425 nan nan
0.700000 0.630288 0.630288 nan -0.006586 3.856539 1016.583496 nan nan
0.710000 0.655797 0.655797 nan -0.001374 3.865318 1009.890503 nan nan
0.720000 0.683511 0.683511 nan 0.003772 3.871478 1003.235413 nan nan
0.730000 0.521763 0.521763 nan 0.008804 3.874864 996.074768 nan nan
0.740000 0.508074 0.508074 nan 0.013662 3.875304 989.645325 nan nan
0.750000 0.485800 0.485800 nan 0.018349 3.872806 983.238525 nan nan
0.760000 0.430490 0.430490 nan 0.022850 3.867334 976.669739 nan nan
0.770000 0.432140 0.432140 nan 0.027163 3.858891 970.966675 nan nan
0.780000 0.493991 0.493991 nan 0.031332 3.847625 964.101257 nan nan
0.790000 0.513335 0.513335 nan 0.035405 3.833698 957.305237 nan nan
0.800000 0.621271 0.621271 nan 0.039444 3.817327 950.000732 nan nan
0.810000 0.523536 0.523536 nan 0.043453 3.798569 942.227905 nan nan
0.820000 0.494220 0.494220 nan 0.047382 3.777326 934.734680 nan nan
0.830000 0.417618 0.417618 nan 0.051193 3.753542 927.787170 nan nan
0.840000 0.481886 0.481886 nan 0.054892 3.727304 920.343506 nan nan
0.850000 0.273966 0.273966 nan 0.058428 3.698519 912.177002 nan nan
0.860000 0.172415 0.172415 nan 0.061684 3.666902 904.739746 nan nan
0.870000 0.006876 0.006876 nan 0.064576 3.632256 896.787842 nan nan
0.880000 -0.014927 -0.014927 nan 0.067061 3.594535 887.981140 nan nan
0.890000 -0.331287 -0.331287 nan 0.069035 3.553478 880.174011 nan nan
0.900000 -0.378031 -0.378031 nan 0.070398 3.508850 872.068909 nan nan
0.910000 -0.499580 -0.499580 nan 0.071144 3.460742 863.515869 nan nan
0.920000 -0.565947 -0.565947 nan 0.071261 3.409245 855.101501 nan nan
0.930000 -0.673080 -0.673080 nan 0.070749 3.354499 846.642639 nan nan
0.940000 -0.797641 -0.797641 nan 0.069584 3.296582 837.497253 nan nan
0.950000 -0.860829 -0.860829 nan 0.067767 3.235686 826.798340 nan nan
0.960000 -0.877438 -0.877438 nan 0.065353 3.172216 816.903442 nan nan
0.970000 -0.961884 -0.961884 nan 0.062382 3.106548 805.907654 nan nan
0.980000 -0.946329 -0.946329 nan 0.058910 3.039131 795.433899 nan nan
0.990000 -0.946331 -0.946331 nan 0.055024 2.970548 788.780762 nan nan
1.000000 -0.946601 -0.946601 nan 0.050796 2.901327 784.405884 nan nan
1.010000 -0.965200 -0.965200 nan 0.046281 2.831938 783.049927 nan nan
1.020000 -0.965316 -0.965316 nan 0.041528 2.762815 784.082153 nan nan
1.030000 -0.965353 -0.965353 nan 0.036583 2.694387 787.501892 nan nan
1.040000 -0.965434 -0.965434 nan 0.031488 2.627036 794.099731 nan nan
1.050000 -0.965591 -0.965591 nan 0.026272 2.561102 803.003662 nan nan
1.060000 -0.965649 -0.965649 nan 0.020959 2.496882 812.718079 nan nan
1.070000 -0.965740 -0.965740 nan 0.015568 2.434635 822.258240 nan nan
1.080000 -0.965792 -0.965792 nan 0.010110 2.374586 831.320862 nan nan
1.090000 -0.965819 -0.965819 nan 0.004593 2.316928 839.949158 nan nan
1.100000 -0.960020 -0.960020 nan -0.000977 2.261834 849.151489 nan nan
1.110000 -0.965562 -0.965562 nan -0.006601 2.209448 856.475708 nan nan
1.120000 -0.998626 -0.998626 nan -0.012293 2.159860 863.724731 nan nan
1.130000 -0.962316 -0.962316 nan -0.018055 2.113185 870.441101 nan nan
1.140000 -0.992281 -0.992281 nan -0.023886 2.069526 875.524902 nan nan
1.150000 -0.960176 -0.960176 nan -0.029788 2.028970 879.912659 nan nan
1.160000 -0.872468 -0.872468 nan -0.035717 1.991666 883.061829 nan nan
1.170000 -0.930840 -0.930840 nan -0.041669 1.957684 885.245911 nan nan
1.180000 -0.811870 -0.811870 nan -0.047629 1.927096 886.982971 nan nan
1.190000 -0.651426 -0.651426 nan -0.053497 1.900074 887.828674 nan nan
1.200000 -0.571200 -0.571200 nan -0.059197 1.876735 887.974854 nan nan
1.210000 -0.704943 -0.704943 nan -0.064778 1.857040 887.601807 nan nan
1.220000 -0.465400 -0.465400 nan -0.070216 1.841024 886.924194 nan nan
1.230000 -0.382264 -0.382264 nan -0.075406 1.828800 885.353027 nan nan
1.240000 -0.534160 -0.534160 nan -0.080406 1.820316 883.760742 nan nan
1.250000 -0.834400 -0.834400 nan -0.085413 1.815391 881.624146 nan nan
1.260000 -0.791569 -0.791569 nan -0.090527 1.813938 878.552673 nan nan
1.270000 -0.756199 -0.756199 nan -0.095706 1.815996 875.044189 nan nan
1.280000 -0.852589 -0.852589 nan -0.100969 1.821546 870.880859 nan nan
1.290000 -0.821638 -0.821638 nan -0.106329 1.830570 866.917969 nan nan
1.300000 -0.880489 -0.880489 nan -0.111785 1.843055 861.772888 nan nan
1.310000 -0.825108 -0.825108 nan -0.117324 1.859000 855.964478 nan nan
1.320000 -0.801086 -0.801086 nan -0.122901 1.878431 850.095215 nan nan
1.330000 -0.590600 -0.590600 nan -0.128414 1.901444 842.996277 nan nan
1.340000 -0.583324 -0.583324 nan -0.133776 1.928118 835.390137 nan nan
1.350000 -0.659259 -0.659259 nan -0.139021 1.958391 826.916016 nan nan
1.360000 -0.734647 -0.734647 nan -0.144209 1.992150 818.547791 nan nan
1.370000 -0.606884 -0.606884 nan -0.149311 2.029397 808.802612 nan nan
1.380000 -0.749462 -0.749462 nan -0.154334 2.070073 799.358337 nan nan
1.390000 -0.628427 -0.628427 nan -0.159279 2.114118 788.610901 nan nan
1.400000 -0.520178 -0.520178 nan -0.164052 2.161648 777.280151 nan nan
1.410000 -0.582067 -0.582067 nan -0.168641 2.212616 764.282410 nan nan
1.420000 -0.159229 -0.159229 nan -0.172902 2.267273 751.340698 nan nan
1.430000 0.126099 0.126099 nan -0.176569 2.326185 736.786377 nan nan
1.440000 0.239681 0.239681 nan -0.179525 2.389601 721.336304 nan nan
1.450000 0.539055 0.539055 nan -0.181657 2.457791 705.462463 nan nan
1.460000 0.579598 0.579598 nan -0.182897 2.530895 687.118835 nan nan
1.470000 0.708305 0.708305 nan -0.183257 2.608808 667.265808 nan nan
1.480000 0.701390 0.701390 nan -0.182777 2.691298 646.709351 nan nan
1.490000 0.905507 0.905507 nan -0.181466 2.778194 624.202637 nan nan
1.500000 0.928782 0.928782 nan -0.179333 2.869277 599.453003 nan nan
1.510000 0.976209 0.976209 nan -0.176461 2.964007 573.452209 nan nan
1.520000 0.978674 0.978674 nan -0.172951 3.061742 545.188232 nan nan
1.530000 0.978707 0.978707 nan -0.168921 3.161709 515.942932 nan nan
1.540000 0.978720 0.978720 nan -0.164487 3.263115 485.603241 nan nan
1.550000 0.948786 0.948786 nan -0.159769 3.365134 457.392975 nan nan
1.560000 0.999159 0.999159 nan -0.154849 3.467074 432.127075 nan nan
1.570000 0.968234 0.968234 nan -0.149799 3.568303 409.262665 nan nan
1.580000 0.965473 0.965473 nan -0.144697 3.668193 388.430328 nan nan
1.590000 0.965462 0.965462 nan -0.139588 3.766256 370.289246 nan nan
1.600000 0.965392 0.965392 nan -0.134503 3.862099 354.019592 nan nan
1.610000 0.965350 0.965350 nan -0.129458 3.955405 340.352539 nan nan
1.620000 0.965391 0.965391 nan -0.124459 4.045923 328.604431 nan nan
1.630000 0.965417 0.965417 nan -0.119500 4.133455 318.684753 nan nan
1.640000 0.965488 0.965488 nan -0.114573 4.217846 310.491699 nan nan
1.650000 0.965753 0.965753 nan -0.109662 4.298972 304.799377 nan nan
1.660000 0.968300 0.968300 nan -0.104748 4.376734 301.261200 nan nan
1.670000 1.000000 1.000000 nan -0.099798 4.451068 299.882233 nan nan
1.680000 1.000000 1.000000 nan -0.094782 4.521913 300.197998 nan nan
1.690000 0.985353 0.985353 nan -0.089688 4.589202 303.617859 nan nan
1.700000 0.985356 0.985356 nan -0.084506 4.652883 308.828674 nan nan
1.710000 0.998342 0.998342 nan -0.079214 4.712915 315.713074 nan nan
1.720000 1.000000 1.000000 nan -0.073793 4.769269 323.777191 nan nan
1.730000 0.978490 0.978490 nan -0.068242 4.821924 333.968384 nan nan
1.740000 0.993568 0.993568 nan -0.062552 4.870865 346.089996 nan nan
1.750000 0.852586 0.852586 nan -0.056766 4.916121 361.432037 nan nan
1.760000 0.678794 0.678794 nan -0.050997 4.957790 380.683167 nan nan
1.770000 0.585825 0.585825 nan -0.045329 4.995984 401.606201 nan nan
1.780000 -0.045420 -0.045420 nan -0.040023 5.031036 425.658264 nan nan
1.790000 -0.206236 -0.206236 nan -0.035337 5.063323 451.192810 nan nan
1.800000 -0.427598 -0.427598 nan -0.031350 5.093059 479.126801 nan nan
1.810000 -0.422559 -0.422559 nan -0.028071 5.120363 507.935791 nan nan
1.820000 -0.644312 -0.644312 nan -0.025510 5.145359 538.328857 nan nan
1.830000 -0.666509 -0.666509 nan -0.023685 5.168172 566.182495 nan nan
1.840000 -0.750720 -0.750720 nan -0.022561 5.188840 593.041321 nan nan
1.850000 -0.721179 -0.721179 nan -0.022087 5.207354 617.509094 nan nan
1.860000 -0.819350 -0.819350 nan -0.022223 5.223716 640.775513 nan nan
1.870000 -0.936757 -0.936757 nan -0.022989 5.238028 662.120605 nan nan
1.880000 -0.962911 -0.962911 nan -0.024379 5.250328 681.161377 nan nan
1.890000 -0.959131 -0.959131 nan -0.026335 5.260557 698.850525 nan nan
1.900000 -0.995844 -0.995844 nan -0.028813 5.268665 715.822998 nan nan
1.910000 -0.997590 -0.997590 nan -0.031775 5.274606 730.917358 nan nan
1.920000 -0.962038 -0.962038 nan -0.035156 5.278272 744.806030 nan nan
1.930000 -0.951441 -0.951441 nan -0.038896 5.279554 756.863037 nan nan
1.940000 -0.907747 -0.907747 nan -0.042936 5.278337 767.819397 nan nan
1.950000 -0.767731 -0.767731 nan -0.047173 5.274410 777.078369 nan nan
1.960000 -0.656103 -0.656103 nan -0.051487 5.267523 783.478149 nan nan
1.970000 -0.233193 -0.379926 -0.233193 -0.055656 5.257227 787.749084 787.316528 0.432556
1.980000 -0.485027 -0.485027 nan -0.059636 5.243414 790.900269 nan nan
1.990000 -0.110390 -0.110390 nan -0.063397 5.226015 793.283569 nan nan
2.000000 0.568509 0.568509 nan -0.066547 5.204291 794.443970 nan nan
2.010000 0.454582 0.454582 nan -0.068939 5.177982 794.075012 nan nan
2.020000 0.890526 0.890526 nan -0.070532 5.147044 793.855591 nan nan
2.030000 0.524482 0.524482 nan -0.071398 5.111614 791.904114 nan nan
2.040000 0.659880 0.659880 nan -0.071713 5.071994 789.784058 nan nan
2.050000 0.659800 0.659800 nan -0.071498 5.028230 787.006042 nan nan
2.060000 0.724044 0.724044 nan -0.070801 4.980407 782.969360 nan nan
2.070000 0.808674 0.808674 nan -0.069632 4.928570 778.137329 nan nan
2.080000 0.818180 0.818180 nan -0.068026 4.872788 772.682556 nan nan
2.090000 0.776366 0.776366 nan -0.066064 4.813159 766.039551 nan nan
2.100000 0.893037 0.893037 nan -0.063776 4.749749 758.696716 nan nan
2.110000 0.832478 0.832478 nan -0.061201 4.682620 750.043823 nan nan
2.120000 0.800933 0.800933 nan -0.058429 4.611835 740.786499 nan nan
2.130000 0.631793 0.631793 nan -0.055584 4.537410 730.073547 nan nan
2.140000 0.633473 0.633473 nan -0.052765 4.459348 718.852966 nan nan
2.150000 0.588328 0.588328 nan -0.050011 4.377662 705.564941 nan nan
2.160000 0.167702 0.167702 nan -0.047527 4.292154 691.558533 nan nan
2.170000 -0.181956 -0.181956 nan -0.045613 4.202405 676.551575 nan nan
2.180000 -0.647658 -0.647658 nan -0.044565 4.107847 659.436584 nan nan
2.190000 -0.750107 -0.750107 nan -0.044550 4.008064 640.767883 nan nan
2.200000 -0.826657 -0.826657 nan -0.045561 3.902991 619.798218 nan nan
2.210000 -0.923384 -0.923384 nan -0.047579 3.792651 596.623047 nan nan
2.220000 -0.767032 -0.767032 nan -0.050473 3.677490 571.504578 nan nan
2.230000 -0.957547 -0.957547 nan -0.054143 3.557945 543.675110 nan nan
2.240000 -0.875749 -0.875749 nan -0.058508 3.434546 513.406860 nan nan
2.250000 -0.942102 -0.942102 nan -0.063417 3.308138 480.597626 nan nan
2.260000 -0.878655 -0.878655 nan -0.068719 3.179671 446.559967 nan nan
2.270000 -0.907296 -0.907296 -0.740362 -0.074251 3.050206 408.747925 410.647339 -1.899414
2.280000 -0.863737 -0.863737 nan -0.079867 2.920762 372.685608 nan nan
2.290000 -0.870855 -0.870855 nan -0.085433 2.792301 338.735291 nan nan
2.300000 -0.795278 -0.795278 nan -0.090829 2.665694 307.556000 nan nan
2.310000 -0.880482 -0.880482 nan -0.096000 2.541517 278.595428 nan nan
2.320000 -1.000000 -0.729464 -1.000000 -0.100999 2.419951 251.952332 250.524170 1.428162
2.330000 -0.771325 -0.678024 -0.771325 -0.105755 2.301483 226.864685 225.630157 1.234528
2.340000 -0.575963 -0.608630 -0.575963 -0.110102 2.186769 204.209885 203.092484 1.117401
2.350000 -0.385633 -0.443746 -0.385633 -0.113926 2.076179 184.245026 182.667587 1.577438
2.360000 -0.183404 -0.413713 -0.183404 -0.117142 1.969905 165.479752 164.189850 1.289902
2.370000 -0.029253 -0.010350 -0.029253 -0.119697 1.867977 148.601151 147.494125 1.107025
2.380000 0.098849 0.087257 0.098849 -0.121581 1.770301 133.843445 132.396057 1.447388
2.390000 0.206212 0.520175 0.206212 -0.122806 1.676719 120.333115 118.735695 1.597420
2.400000 0.300936 0.647450 0.300936 -0.123395 1.587047 107.563683 106.371666 1.192017
2.410000 0.360722 0.913680 0.360722 -0.123388 1.501091 96.520798 95.174477 1.346321
2.420000 0.384196 0.871384 0.384196 -0.122844 1.418667 86.328316 85.038666 1.289650
2.430000 0.391584 0.629627 0.391584 -0.121838 1.339618 76.852264 75.876732 0.975533
2.440000 0.385379 0.674776 0.385379 -0.120444 1.263821 68.708824 67.607323 1.101501
2.450000 0.374199 0.687366 0.374199 -0.118736 1.191177 61.100883 60.156960 0.943924
2.460000 0.353472 0.717764 0.353472 -0.116785 1.121613 54.604435 53.456131 1.148304
2.470000 0.318271 0.668572 0.318271 -0.114660 1.055083 48.717964 47.444103 1.273861
2.480000 0.287368 0.549159 0.287368 -0.112429 0.991558 43.204765 42.068199 1.136566
2.490000 0.255388 0.328883 0.255388 -0.110148 0.931011 38.781715 37.271385 1.510330
2.500000 0.214946 0.398965 0.214946 -0.107870 0.873423 34.455849 33.003170 1.452679
2.510000 0.187615 0.350884 0.187615 -0.105640 0.818770 30.256559 29.218697 1.037863
2.520000 0.152629 0.366658 0.152629 -0.103492 0.767017 26.978312 25.868958 1.109354
2.530000 0.119564 0.329874 0.119564 -0.101460 0.718129 24.345488 22.914551 1.430937
2.540000 0.099858 0.463026 0.099858 -0.099564 0.672046 21.859072 20.315348 1.543724
2.550000 0.080987 0.465058 0.080987 -0.097815 0.628686 19.453495 18.031956 1.421539
2.560000 0.056838 0.333190 0.056838 -0.096223 0.587967 17.830385 16.029959 1.800426
2.570000 0.039176 0.185159 0.039176 -0.094796 0.549801 15.602439 14.278861 1.323578
2.580000 0.032583 0.221937 0.032583 -0.093529 0.514072 14.540551 12.749903 1.790648
2.590000 0.014694 0.443707 0.014694 -0.092421 0.480667 13.458399 11.414633 2.043766
2.600000 0.006276 0.263523 0.006276 -0.091466 0.449476 12.000775 10.251426 1.749350
2.610000 -0.002741 0.519678 -0.002741 -0.090657 0.420376 10.981264 9.238267 1.742997
2.620000 -0.011163 0.475882 -0.011163 -0.089987 0.393252 10.196063 8.356533 1.839530
2.630000 -0.018165 0.182104 -0.018165 -0.089446 0.367987 8.945224 7.589343 1.355881
2.640000 -0.020804 0.409658 -0.020804 -0.089025 0.344463 9.014005 6.922288 2.091716
2.650000 -0.021997 0.226210 -0.021997 -0.088710 0.322559 7.687486 6.341893 1.345593
2.660000 -0.027344 0.249445 -0.027344 -0.088493 0.302167 7.050773 5.836863 1.213910
2.670000 -0.034224 0.242617 -0.034224 -0.088366 0.283193 6.940780 5.397467 1.543313
2.680000 -0.036249 0.303969 -0.036249 -0.088321 0.265545 6.752074 5.015175 1.736899
2.690000 -0.038663 -0.016581 -0.038663 -0.088351 0.249131 5.860135 4.682442 1.177693
2.700000 -0.035658 0.196227 -0.035658 -0.088444 0.233856 5.646284 4.392673 1.253610
2.710000 -0.037955 0.175494 -0.037955 -0.088593 0.219635 5.361857 4.140177 1.221681
2.720000 -0.039091 0.011858 -0.039091 -0.088790 0.206394 5.590609 3.919939 1.670669
2.730000 -0.039202 -0.069477 -0.039202 -0.089030 0.194063 5.434285 3.727792 1.706493
2.740000 -0.038197 -0.186979 -0.038197 -0.089305 0.182573 5.387162 3.560019 1.827143
2.750000 -0.038772 0.164327 -0.038772 -0.089611 0.171863 4.435726 3.413387 1.022338
2.760000 -0.034957 0.126134 -0.034957 -0.089940 0.161871 4.996200 3.285215 1.710985
2.770000 -0.037576 0.191317 -0.037576 -0.090289 0.152543 5.137820 3.173042 1.964778
2.780000 -0.036300 0.073861 -0.036300 -0.090655 0.143836 4.548869 3.074716 1.474153
2.790000 -0.036635 -0.028290 -0.036635 -0.091033 0.135705 4.470533 2.988592 1.481941
2.800000 -0.036146 0.062745 -0.036146 -0.091423 0.128111 4.333086 2.913024 1.420062
2.810000 -0.033199 0.271216 -0.033199 -0.091818 0.121011 4.362746 2.846701 1.516045
2.820000 -0.031212 -0.040694 -0.031212 -0.092217 0.114366 4.663637 2.788465 1.875172
2.830000 -0.031767 0.094481 -0.031767 -0.092616 0.108143 4.447468 2.737234 1.710234
2.840000 -0.031628 0.041508 -0.031628 -0.093015 0.102318 4.087970 2.692116 1.395854
2.850000 -0.031740 0.591258 -0.031740 -0.093413 0.096865 4.683472 2.652352 2.031120
2.860000 -0.028347 0.190084 -0.028347 -0.093808 0.091756 3.925127 2.617234 1.307893
2.870000 -0.027689 0.157862 -0.027689 -0.094198 0.086965 4.281602 2.586255 1.695347
2.880000 -0.025353 0.047107 -0.025353 -0.094581 0.082468 4.209626 2.558845 1.650781
2.890000 -0.025049 0.029463 -0.025049 -0.094956 0.078245 3.897963 2.534532 1.363431
2.900000 -0.023385 -0.118109 -0.023385 -0.095323 0.074277 4.264012 2.512946 1.751066
2.910000 -0.022849 0.132528 -0.022849 -0.095680 0.070549 3.786735 2.493716 1.293019
2.920000 -0.022440 0.467455 -0.022440 -0.096029 0.067046 4.242973 2.476548 1.766425
2.930000 -0.018826 0.303398 -0.018826 -0.096367 0.063751 4.479848 2.461184 2.018664
2.940000 -0.018808 0.142983 -0.018808 -0.096694 0.060647 4.231738 2.447402 1.784336
2.950000 -0.017789 0.262617 -0.017789 -0.097009 0.057726 4.092011 2.434969 1.657043
2.960000 -0.016502 0.262645 -0.016502 -0.097314 0.054974 4.083027 2.423712 1.659314
2.970000 -0.015343 0.132156 -0.015343 -0.097607 0.052382 4.393172 2.413484 1.979689
2.980000 -0.011594 0.231006 -0.011594 -0.097887 0.049934 4.465598 2.404143 2.061455
2.990000 -0.013040 0.163565 -0.013040 -0.098154 0.047623 4.214529 2.395572 1.818957
3.000000 -0.010480 0.052886 -0.010480 -0.098410 0.045440 4.081708 2.387625 1.694083
3.010000 -0.008967 0.361414 -0.008967 -0.098652 0.043377 3.685487 2.380249 1.305238
3.020000 -0.008988 0.049382 -0.008988 -0.098882 0.041426 4.236497 2.373362 1.863135
3.030000 -0.006752 0.288235 -0.006752 -0.099099 0.039582 4.309436 2.366848 1.942588
3.040000 -0.006839 0.122041 -0.006839 -0.099304 0.037837 4.322793 2.360698 1.962095
3.050000 -0.004989 0.478129 -0.004989 -0.099498 0.036186 3.903629 2.354796 1.548833
3.060000 -0.003203 0.121532 -0.003203 -0.099679 0.034623 4.589634 2.349143 2.240491
3.070000 -0.002426 0.294058 -0.002426 -0.099847 0.033140 3.908326 2.343660 1.564666
3.080000 -0.001678 0.226391 -0.001678 -0.100004 0.031734 4.214068 2.338338 1.875730
3.090000 -0.000953 0.217329 -0.000953 -0.100149 0.030402 4.119310 2.333104 1.786206
3.100000 0.000304 0.020848 0.000304 -0.100282 0.029139 4.052242 2.327961 1.724281
3.110000 0.002908 0.309432 0.002908 -0.100404 0.027939 3.845823 2.322873 1.522951
3.120000 0.002624 0.235000 0.002624 -0.100514 0.026798 3.846835 2.317807 1.529028
3.130000 0.002707 0.504180 0.002707 -0.100614 0.025716 3.862627 2.312756 1.549871
3.140000 0.005049 0.317133 0.005049 -0.100703 0.024688 3.798622 2.307691 1.490931
3.150000 0.006265 0.387305 0.006265 -0.100780 0.023710 3.677864 2.302602 1.375262
3.160000 0.007351 -0.032905 0.007351 -0.100847 0.022777 3.859330 2.297479 1.561851
3.170000 0.008961 0.299928 0.008961 -0.100902 0.021886 3.930810 2.292301 1.638510
3.180000 0.009253 0.328253 0.009253 -0.100947 0.021035 4.101324 2.287070 1.814254
3.190000 0.009565 -0.097430 0.009565 -0.100982 0.020223 4.029150 2.281779 1.747371
3.200000 0.011133 0.110621 0.011133 -0.101006 0.019448 4.053921 2.276418 1.777503
3.210000 0.012681 0.486870 0.012681 -0.101020 0.018707 4.416664 2.270991 2.145673
3.220000 0.012915 0.373135 0.012915 -0.101024 0.017996 4.202244 2.265465 1.936779
3.230000 0.013192 0.373954 0.013192 -0.101019 0.017317 4.458808 2.259873 2.198935
3.240000 0.015307 0.166528 0.015307 -0.101005 0.016667 4.386150 2.254206 2.131944
3.250000 0.015552 0.262053 0.015552 -0.100981 0.016042 4.299258 2.248438 2.050820
3.260000 0.016168 0.254392 0.016168 -0.100948 0.015443 4.255591 2.242586 2.013006
3.270000 0.016514 0.418179 0.016514 -0.100907 0.014869 4.029974 2.236655 1.793318
3.280000 0.017891 0.425092 0.017891 -0.100857 0.014319 3.927999 2.230647 1.697353
3.290000 0.017635 0.256512 0.017635 -0.100800 0.013791 4.177807 2.224545 1.953262
3.300000 0.018646 0.555522 0.018646 -0.100735 0.013286 4.011348 2.218369 1.792980
3.310000 0.019060 0.555529 0.019060 -0.100662 0.012802 4.005687 2.212103 1.793584
3.320000 0.019116 0.301001 0.019116 -0.100583 0.012340 4.007048 2.205757 1.801291
3.330000 0.021588 0.331670 0.021588 -0.100496 0.011896 4.166865 2.199342 1.967523
3.340000 0.022204 0.555833 0.022204 -0.100402 0.011466 4.394085 2.192804 2.201281
3.350000 0.021785 0.092624 0.021785 -0.100301 0.011052 3.825881 2.186186 1.639695
3.360000 0.022729 0.155596 0.022729 -0.100192 0.010654 4.159697 2.179516 1.980181
3.370000 0.022754 0.389513 0.022754 -0.100078 0.010270 4.609891 2.172764 2.437128
3.380000 0.024067 0.499494 0.024067 -0.099957 0.009901 4.669506 2.165950 2.503556
3.390000 0.023156 0.152392 0.023156 -0.099830 0.009546 4.248576 2.159049 2.089528
3.400000 0.024181 0.084221 0.024181 -0.099698 0.009207 4.388769 2.152110 2.236659
3.410000 0.024810 0.084245 0.024810 -0.099561 0.008880 4.380291 2.145091 2.235200
3.420000 0.026143 0.388599 0.026143 -0.099417 0.008565 4.075516 2.137999 1.937518
3.430000 0.026752 0.388612 0.026752 -0.099268 0.008259 4.067235 2.130830 1.936406
3.440000 0.027137 0.388618 0.027137 -0.099113 0.007960 4.059021 2.123601 1.935420
3.450000 0.026031 0.240402 0.026031 -0.098953 0.007673 4.716596 2.116320 2.600276
3.460000 0.026258 0.397137 0.026258 -0.098788 0.007399 4.270582 2.109027 2.161555
3.470000 0.027147 0.397161 0.027147 -0.098620 0.007137 4.261532 2.101679 2.159853
3.480000 0.027317 0.397156 0.027317 -0.098448 0.006885 4.252723 2.094268 2.158455
3.490000 0.027028 0.444391 0.027028 -0.098271 0.006645 3.597962 2.086808 1.511154
3.500000 0.027863 0.114493 0.027863 -0.098092 0.006416 3.544720 2.079319 1.465400
3.510000 0.028597 0.114495 0.028597 -0.097908 0.006196 3.538155 2.071770 1.466385
3.520000 0.028757 0.114507 0.028757 -0.097721 0.005984 3.531425 2.064164 1.467261
3.530000 0.029984 0.366549 0.029984 -0.097529 0.005779 3.811864 2.056525 1.755339
3.540000 0.030429 0.366556 0.030429 -0.097333 0.005578 3.803452 2.048818 1.754634
3.550000 0.029783 0.290000 0.029783 -0.097133 0.005384 3.501650 2.041071 1.460579
3.560000 0.030974 0.496593 0.030974 -0.096930 0.005195 3.656824 2.033319 1.623505
3.570000 0.031156 0.496595 0.031156 -0.096722 0.005011 3.649713 2.025511 1.624202
3.580000 0.030700 0.410844 0.030700 -0.096511 0.004833 4.219979 2.017683 2.202296
3.590000 0.031348 0.410847 0.031348 -0.096298 0.004661 4.211796 2.009843 2.201953
3.600000 0.032463 0.434985 0.032463 -0.096080 0.004493 4.072248 2.001972 2.070277
3.610000 0.032388 0.434985 0.032388 -0.095859 0.004327 4.064167 1.994054 2.070113
3.620000 0.033023 0.434987 0.033023 -0.095634 0.004164 4.056093 1.986129 2.069965
3.630000 0.033302 0.434987 0.033302 -0.095406 0.004003 4.048100 1.978178 2.069921
3.640000 0.032859 0.434987 0.032859 -0.095174 0.003845 4.040154 1.970222 2.069932
3.650000 0.033425 0.434991 0.033425 -0.094940 0.003691 4.032136 1.962276 2.069860
3.660000 0.032620 0.434994 0.032620 -0.094704 0.003541 4.024202 1.954313 2.069889
3.670000 0.033581 0.434993 0.033581 -0.094465 0.003396 4.016147 1.946380 2.069767
3.680000 0.033560 0.434992 0.033560 -0.094223 0.003253 4.008231 1.938420 2.069811
3.690000 0.033398 0.434994 0.033398 -0.093980 0.003115 4.000319 1.930468 2.069850
3.700000 0.033150 0.434992 0.033150 -0.093735 0.002982 3.992387 1.922528 2.069859
3.710000 0.033486 0.345083 0.033486 -0.093488 0.002855 3.872728 1.914601 1.958127
3.720000 0.033503 0.345084 0.033503 -0.093240 0.002731 3.864790 1.906675 1.958115
3.730000 0.031686 0.524851 0.031686 -0.092991 0.002616 3.420295 1.898751 1.521543
3.740000 0.032418 0.524860 0.032418 -0.092742 0.002509 3.412589 1.890894 1.521695
3.750000 0.032525 0.524871 0.032525 -0.092492 0.002411 3.404862 1.883017 1.521845
3.760000 0.034161 0.352722 0.034161 -0.092241 0.002316 3.412483 1.875140 1.537343
3.770000 0.033608 0.352715 0.033608 -0.091989 0.002224 3.404608 1.867223 1.537385
3.780000 0.034107 0.352723 0.034107 -0.091735 0.002135 3.396905 1.859331 1.537574
3.790000 0.034233 0.352723 0.034233 -0.091480 0.002049 3.389088 1.851434 1.537654
3.800000 0.034611 0.352726 0.034611 -0.091223 0.001964 3.381261 1.843545 1.537716
3.810000 0.034484 0.352721 0.034484 -0.090965 0.001880 3.373351 1.835659 1.537692
3.820000 0.034592 0.352724 0.034592 -0.090705 0.001798 3.365494 1.827793 1.537701
3.830000 0.034367 0.352721 0.034367 -0.090445 0.001719 3.357632 1.819940 1.537693
3.840000 0.034336 0.352725 0.034336 -0.090183 0.001642 3.349851 1.812108 1.537742
3.850000 0.034423 0.352725 0.034423 -0.089920 0.001568 3.342096 1.804297 1.537799
3.860000 0.034614 0.352730 0.034614 -0.089657 0.001497 3.334342 1.796500 1.537843
3.870000 0.033990 0.524884 0.033990 -0.089392 0.001428 3.311359 1.788716 1.522643
3.880000 0.033834 0.524886 0.033834 -0.089128 0.001364 3.303696 1.780967 1.522729
3.890000 0.034968 0.352738 0.034968 -0.088863 0.001303 3.311453 1.773241 1.538212
3.900000 0.034027 0.524888 0.034027 -0.088597 0.001244 3.288401 1.765499 1.522902
3.910000 0.035314 0.352738 0.035314 -0.088331 0.001187 3.296114 1.757805 1.538310
3.920000 0.034243 0.524889 0.034243 -0.088064 0.001131 3.273111 1.750090 1.523021
3.930000 0.034312 0.524890 0.034312 -0.087796 0.001079 3.265514 1.742430 1.523084
3.940000 0.034463 0.524892 0.034463 -0.087529 0.001029 3.257959 1.734788 1.523171
3.950000 0.034182 0.524894 0.034182 -0.087261 0.000982 3.250411 1.727159 1.523251
3.960000 0.034524 0.524896 0.034524 -0.086992 0.000938 3.242925 1.719560 1.523366
3.970000 0.034195 0.524892 0.034195 -0.086724 0.000896 3.235409 1.711969 1.523441
3.980000 0.035154 0.524897 0.035154 -0.086455 0.000856 3.227954 1.704408 1.523546
3.990000 0.034996 0.524902 0.034996 -0.086185 0.000816 3.220435 1.696836 1.523599
4.000000 0.034929 0.524900 0.034929 -0.085915 0.000777 3.212940 1.689293 1.523647
4.010000 0.034856 0.524897 0.034856 -0.085644 0.000738 3.205471 1.681777 1.523695
4.020000 0.034766 0.524898 0.034766 -0.085373 0.000702 3.198040 1.674282 1.523758
4.030000 0.035035 0.524899 0.035035 -0.085101 0.000666 3.190652 1.666816 1.523836
4.040000 0.035338 0.524899 0.035338 -0.084829 0.000630 3.183255 1.659364 1.523890
4.050000 0.036782 0.345136 0.036782 -0.084555 0.000591 3.611523 1.651935 1.959588
4.060000 0.036798 0.345120 0.036798 -0.084279 0.000548 3.604742 1.644480 1.960262
4.070000 0.035120 0.410896 0.035120 -0.084003 0.000503 3.841670 1.637061 2.204608
4.080000 0.035245 0.410898 0.035245 -0.083727 0.000460 3.834574 1.629727 2.204846
4.090000 0.035115 0.410894 0.035115 -0.083450 0.000418 3.827526 1.622421 2.205105
4.100000 0.034895 0.410894 0.034895 -0.083173 0.000378 3.820525 1.615150 2.205375
4.110000 0.035043 0.410889 0.035043 -0.082897 0.000340 3.813520 1.607918 2.205602
4.120000 0.035138 0.138720 0.035138 -0.082620 0.000302 3.232699 1.600705 1.631994
4.130000 0.035024 0.138716 0.035024 -0.082344 0.000266 3.224951 1.593525 1.631426
4.140000 0.035202 0.138714 0.035202 -0.082067 0.000230 3.217254 1.586381 1.630873
4.150000 0.034325 0.228617 0.034325 -0.081791 0.000196 3.497669 1.579266 1.918403
4.160000 0.034176 0.228618 0.034176 -0.081515 0.000165 3.490865 1.572208 1.918657
4.170000 0.033974 0.228621 0.033974 -0.081240 0.000137 3.484113 1.565188 1.918925
4.180000 0.034413 0.228617 0.034413 -0.080966 0.000113 3.479997 1.558202 1.921795
4.190000 0.035048 0.228623 0.035048 -0.080691 0.000088 3.473266 1.551228 1.922039
4.200000 0.035002 0.347503 0.035002 -0.080417 0.000063 2.986707 1.544261 1.442446
4.210000 0.034806 0.347483 0.034806 -0.080142 0.000038 2.979159 1.537331 1.441828
4.220000 0.034519 0.347482 0.034519 -0.079867 0.000013 2.971702 1.530442 1.441260
4.230000 0.034457 0.347483 0.034457 -0.079593 -0.000011 2.964403 1.523593 1.440810
4.240000 0.034356 0.282892 0.034356 -0.079318 -0.000034 3.281703 1.516781 1.764922
4.250000 0.034543 0.114572 0.034543 -0.079044 -0.000056 2.980857 1.509999 1.470858
4.260000 0.034203 0.114567 0.034203 -0.078771 -0.000078 2.973816 1.503246 1.470570
4.270000 0.034321 0.114569 0.034321 -0.078497 -0.000098 2.966897 1.496535 1.470363
4.280000 0.034156 0.114568 0.034156 -0.078224 -0.000118 2.959944 1.489852 1.470092
4.290000 0.034099 0.114567 0.034099 -0.077951 -0.000137 2.953072 1.483207 1.469865
4.300000 0.033835 0.114564 0.033835 -0.077679 -0.000155 2.946234 1.476596 1.469638
4.310000 0.034266 0.114565 0.034266 -0.077407 -0.000172 2.939501 1.470023 1.469478
4.320000 0.034598 0.406468 0.034598 -0.077135 -0.000190 2.920324 1.463472 1.456852
4.330000 0.034524 0.406464 0.034524 -0.076863 -0.000209 2.914499 1.456941 1.457558
4.340000 0.034332 0.406460 0.034332 -0.076590 -0.000229 2.908780 1.450448 1.458332
4.350000 0.034166 0.406452 0.034166 -0.076318 -0.000249 2.903093 1.443994 1.459100
4.360000 0.034202 0.406447 0.034202 -0.076046 -0.000270 2.897426 1.437581 1.459844
4.370000 0.033940 0.406446 0.033940 -0.075775 -0.000291 2.891860 1.431203 1.460657
4.380000 0.033695 0.406445 0.033695 -0.075504 -0.000311 2.886280 1.424867 1.461413
4.390000 0.033675 0.406438 0.033675 -0.075233 -0.000330 2.880689 1.418575 1.462115
4.400000 0.033283 0.171975 0.033283 -0.074963 -0.000349 2.933281 1.412315 1.520967
4.410000 0.032949 0.171976 0.032949 -0.074694 -0.000365 2.927292 1.406104 1.521189
4.420000 0.032990 0.171973 0.032990 -0.074425 -0.000379 2.921311 1.399934 1.521377
4.430000 0.033183 0.171984 0.033183 -0.074158 -0.000392 2.915372 1.393796 1.521576
4.440000 0.033088 0.170295 0.033088 -0.073891 -0.000404 3.218697 1.387686 1.831011
4.450000 0.033240 0.170285 0.033240 -0.073624 -0.000416 3.212969 1.381611 1.831359
4.460000 0.032976 0.170279 0.032976 -0.073358 -0.000427 3.207296 1.375563 1.831733
4.470000 0.032937 0.170271 0.032937 -0.073092 -0.000438 3.201653 1.369555 1.832098
4.480000 0.032858 0.170272 0.032858 -0.072827 -0.000449 3.196050 1.363584 1.832466
4.490000 0.032715 0.189885 0.032715 -0.072563 -0.000459 2.549639 1.357641 1.191998
4.500000 0.032790 0.189893 0.032790 -0.072299 -0.000469 2.542946 1.351739 1.191208
4.510000 0.032642 0.189888 0.032642 -0.072036 -0.000478 2.536201 1.345868 1.190333
4.520000 0.032324 0.076933 0.032324 -0.071773 -0.000487 2.635125 1.340034 1.295090
4.530000 0.032285 0.076926 0.032285 -0.071511 -0.000495 2.628133 1.334242 1.293891
4.540000 0.032162 0.076917 0.032162 -0.071250 -0.000502 2.621130 1.328482 1.292647
4.550000 0.032482 0.076917 0.032482 -0.070990 -0.000509 2.614222 1.322757 1.291465
4.560000 0.032317 0.076911 0.032317 -0.070729 -0.000516 2.606936 1.317053 1.289884
4.570000 0.032314 0.076906 0.032314 -0.070470 -0.000523 2.599778 1.311387 1.288391
4.580000 0.032242 0.433744 0.032242 -0.070210 -0.000530 3.327950 1.305757 2.022193
4.590000 0.031978 0.450512 0.031978 -0.069952 -0.000538 3.299699 1.300153 1.999545
4.600000 0.032352 0.450505 0.032352 -0.069693 -0.000545 3.294070 1.294594 1.999476
4.610000 0.032110 0.450498 0.032110 -0.069435 -0.000554 3.288396 1.289054 1.999342
4.620000 0.032154 0.450495 0.032154 -0.069177 -0.000563 3.282822 1.283555 1.999267
4.630000 0.031902 0.450491 0.031902 -0.068920 -0.000573 3.277260 1.278087 1.999173
4.640000 0.030731 0.450489 0.030731 -0.068664 -0.000581 3.271765 1.272660 1.999105
4.650000 0.031589 0.034655 0.031589 -0.068409 -0.000587 2.834633 1.267296 1.567337
4.660000 0.031492 0.231884 0.031492 -0.068154 -0.000594 3.003495 1.261937 1.741558
4.670000 0.031223 0.231881 0.031223 -0.067900 -0.000600 2.998188 1.256613 1.741575
4.680000 0.031659 0.231877 0.031659 -0.067647 -0.000606 2.992923 1.251329 1.741593
4.690000 0.030896 0.301664 0.030896 -0.067394 -0.000613 3.180660 1.246065 1.934595
4.700000 0.031244 0.198498 0.031244 -0.067142 -0.000619 2.825379 1.240853 1.584527
4.710000 0.031074 0.198488 0.031074 -0.066890 -0.000625 2.820482 1.235660 1.584822
4.720000 0.031332 0.255861 0.031332 -0.066639 -0.000631 2.521046 1.230504 1.290542
4.730000 0.030752 0.255863 0.030752 -0.066388 -0.000638 2.515491 1.225373 1.290119
4.740000 0.031039 0.092714 0.031039 -0.066138 -0.000645 2.868583 1.220292 1.648291
4.750000 0.030763 0.092709 0.030763 -0.065889 -0.000652 2.862364 1.215231 1.647133
4.760000 0.030980 0.092708 0.030980 -0.065640 -0.000660 2.856349 1.210211 1.646139
4.770000 0.030591 0.092701 0.030591 -0.065392 -0.000668 2.850143 1.205216 1.644927
4.780000 0.030176 0.353612 0.030176 -0.065144 -0.000676 2.749782 1.200260 1.549522
4.790000 0.029742 0.109255 0.029742 -0.064898 -0.000682 2.569957 1.195352 1.374605
4.800000 0.029893 0.109264 0.029893 -0.064652 -0.000686 2.564811 1.190484 1.374328
4.810000 0.029766 0.109261 0.029766 -0.064408 -0.000690 2.559616 1.185640 1.373976
4.820000 0.029694 0.109252 0.029694 -0.064164 -0.000692 2.554463 1.180829 1.373634
4.830000 0.029492 0.109257 0.029492 -0.063922 -0.000693 2.549356 1.176049 1.373307
4.840000 0.029805 0.109253 0.029805 -0.063680 -0.000694 2.544322 1.171303 1.373019
4.850000 0.029680 0.109257 0.029680 -0.063439 -0.000695 2.539196 1.166574 1.372622
4.860000 0.029493 0.109246 0.029493 -0.063199 -0.000696 2.534122 1.161880 1.372242
4.870000 0.029142 0.109248 0.029142 -0.062959 -0.000696 2.529116 1.157217 1.371899
4.880000 0.029344 0.109239 0.029344 -0.062721 -0.000695 2.524234 1.152592 1.371642
4.890000 0.029847 0.274766 0.029847 -0.062482 -0.000696 2.266590 1.147986 1.118604
4.900000 0.029813 0.274757 0.029813 -0.062244 -0.000699 2.262792 1.143398 1.119395
4.910000 0.029529 0.274750 0.029529 -0.062006 -0.000703 2.259079 1.138839 1.120240
4.920000 0.029270 0.274746 0.029270 -0.061769 -0.000707 2.255367 1.134320 1.121046
4.930000 0.029092 0.274748 0.029092 -0.061532 -0.000712 2.251659 1.129835 1.121824
4.940000 0.028481 0.224342 0.028481 -0.061297 -0.000717 2.448965 1.125386 1.323579
4.950000 0.028559 0.224342 0.028559 -0.061062 -0.000719 2.443858 1.120980 1.322877
4.960000 0.028421 0.224341 0.028421 -0.060828 -0.000721 2.438658 1.116598 1.322059
4.970000 0.028369 0.224337 0.028369 -0.060595 -0.000722 2.433537 1.112248 1.321289
4.980000 0.028010 0.234102 0.028010 -0.060364 -0.000722 2.550293 1.107926 1.442367
4.990000 0.028013 0.234095 0.028013 -0.060133 -0.000721 2.546510 1.103639 1.442871
5.000000 0.028588 0.315557 0.028588 -0.059903 -0.000720 3.397776 1.099382 2.298393
5.010000 0.028280 0.276350 0.028280 -0.059673 -0.000720 3.112782 1.095130 2.017652
5.020000 0.028168 0.585003 0.028168 -0.059444 -0.000719 3.188847 1.090921 2.097927
5.030000 0.028425 0.585021 0.028425 -0.059216 -0.000720 3.185515 1.086731 2.098784
5.040000 0.028897 0.585017 0.028897 -0.058987 -0.000723 3.182405 1.082565 2.099841
5.050000 0.028096 0.015919 0.028096 -0.058759 -0.000728 3.273859 1.078408 2.195451
5.060000 0.027868 0.015906 0.027868 -0.058532 -0.000733 3.270219 1.074305 2.195914
5.070000 0.027269 0.015896 0.027269 -0.058305 -0.000737 3.266579 1.070241 2.196338
5.080000 0.027812 0.262229 0.027812 -0.058080 -0.000741 2.530911 1.066210 1.464701
5.090000 0.026937 0.218259 0.026937 -0.057855 -0.000744 2.572219 1.062195 1.510023
5.100000 0.027429 0.069669 0.027429 -0.057631 -0.000745 2.689728 1.058226 1.631502
5.110000 0.027223 0.207840 0.027223 -0.057408 -0.000747 2.776119 1.054272 1.721847
5.120000 0.027352 0.207829 0.027352 -0.057186 -0.000749 2.773660 1.050349 1.723311
5.130000 0.027043 0.207822 0.027043 -0.056964 -0.000751 2.771429 1.046448 1.724980
5.140000 0.027308 0.312181 0.027308 -0.056743 -0.000753 2.581633 1.042579 1.539054
5.150000 0.026273 -0.030663 0.026273 -0.056523 -0.000755 2.994545 1.038731 1.955814
5.160000 0.026250 -0.030652 0.026250 -0.056305 -0.000755 2.990386 1.034933 1.955453
5.170000 0.026124 -0.030656 0.026124 -0.056087 -0.000752 2.986198 1.031157 1.955041
5.180000 0.026183 -0.030657 0.026183 -0.055871 -0.000749 2.982064 1.027409 1.954655
5.190000 0.026289 -0.030658 0.026289 -0.055655 -0.000745 2.977904 1.023682 1.954222
5.200000 0.026226 -0.030663 0.026226 -0.055440 -0.000741 2.973681 1.019974 1.953707
5.210000 0.026124 -0.030665 0.026124 -0.055226 -0.000736 2.969468 1.016293 1.953175
5.220000 0.025793 -0.030658 0.025793 -0.055013 -0.000731 2.965319 1.012634 1.952685
5.230000 0.025989 0.209513 0.025989 -0.054801 -0.000726 3.177462 1.009010 2.168452
5.240000 0.025203 0.041491 0.025203 -0.054590 -0.000719 2.722977 1.005396 1.717581
5.250000 0.025041 0.041494 0.025041 -0.054380 -0.000711 2.719019 1.001825 1.717195
5.260000 0.025342 0.041499 0.025342 -0.054171 -0.000700 2.715232 0.998277 1.716955
5.270000 0.025496 0.041494 0.025496 -0.053963 -0.000690 2.711200 0.994740 1.716460
5.280000 0.025267 0.041494 0.025267 -0.053755 -0.000679 2.707006 0.991219 1.715788
5.290000 0.025298 0.041495 0.025298 -0.053549 -0.000668 2.703004 0.987723 1.715281
5.300000 0.025166 0.041493 0.025166 -0.053343 -0.000656 2.698959 0.984245 1.714714
5.310000 0.025103 0.041493 0.025103 -0.053138 -0.000645 2.695019 0.980791 1.714228
5.320000 0.025292 0.041498 0.025292 -0.052933 -0.000634 2.691065 0.977354 1.713711
5.330000 0.026131 0.231117 0.026131 -0.052729 -0.000624 2.935856 0.973934 1.961922
5.340000 0.025447 0.231102 0.025447 -0.052524 -0.000618 2.931363 0.970510 1.960853
5.350000 0.025770 0.231106 0.025770 -0.052319 -0.000612 2.927231 0.967124 1.960108
5.360000 0.025544 0.231098 0.025544 -0.052115 -0.000609 2.922866 0.963749 1.959118
5.370000 0.025462 0.124756 0.025462 -0.051911 -0.000608 2.533322 0.960399 1.572923
5.380000 0.025535 0.124742 0.025535 -0.051707 -0.000607 2.530391 0.957073 1.573318
5.390000 0.025359 0.124737 0.025359 -0.051503 -0.000608 2.527583 0.953767 1.573817
5.400000 0.025182 0.124730 0.025182 -0.051300 -0.000611 2.524783 0.950485 1.574299
5.410000 0.025295 0.124727 0.025295 -0.051097 -0.000614 2.522007 0.947229 1.574778
5.420000 0.024897 0.124721 0.024897 -0.050894 -0.000617 2.519308 0.943992 1.575316
5.430000 0.024533 0.124718 0.024533 -0.050692 -0.000621 2.516574 0.940785 1.575790
5.440000 0.024633 0.234139 0.024633 -0.050491 -0.000623 2.921488 0.937608 1.983879
5.450000 0.024393 0.234145 0.024393 -0.050291 -0.000626 2.918353 0.934449 1.983904
5.460000 0.024419 0.234146 0.024419 -0.050091 -0.000628 2.915236 0.931313 1.983923
5.470000 0.024251 0.234135 0.024251 -0.049892 -0.000629 2.912157 0.928197 1.983960
5.480000 0.024405 0.234133 0.024405 -0.049694 -0.000630 2.909093 0.925105 1.983988
5.490000 0.023717 0.234129 0.023717 -0.049496 -0.000631 2.906061 0.922027 1.984034
5.500000 0.024007 0.307337 0.024007 -0.049300 -0.000630 2.281163 0.918981 1.362182
5.510000 0.024283 0.307342 0.024283 -0.049104 -0.000630 2.278071 0.915953 1.362118
5.520000 0.024138 0.210688 0.024138 -0.048908 -0.000631 2.093510 0.912937 1.180573
5.530000 0.024060 0.172606 0.024060 -0.048713 -0.000632 2.233065 0.909940 1.323125
5.540000 0.023423 0.175941 0.023423 -0.048519 -0.000632 2.106394 0.906966 1.199428
5.550000 0.023640 0.248508 0.023640 -0.048325 -0.000632 2.036509 0.904025 1.132483
5.560000 0.023533 0.248497 0.023533 -0.048132 -0.000632 2.033596 0.901098 1.132498
5.570000 0.023739 0.248496 0.023739 -0.047940 -0.000631 2.030737 0.898192 1.132544
5.580000 0.023326 0.248489 0.023326 -0.047748 -0.000631 2.027877 0.895299 1.132578
5.590000 0.023311 0.248485 0.023311 -0.047557 -0.000630 2.025076 0.892433 1.132643
5.600000 0.023286 0.248485 0.023286 -0.047367 -0.000629 2.022294 0.889586 1.132708
5.610000 0.023224 0.248483 0.023224 -0.047177 -0.000628 2.019532 0.886759 1.132773
5.620000 0.023199 0.248477 0.023199 -0.046988 -0.000628 2.016792 0.883948 1.132844
5.630000 0.023067 0.393297 0.023067 -0.046800 -0.000627 2.892691 0.881156 2.011535
5.640000 0.022677 0.393293 0.022677 -0.046612 -0.000625 2.889705 0.878385 2.011319
5.650000 0.022926 0.393292 0.022926 -0.046425 -0.000624 2.886827 0.875641 2.011186
5.660000 0.022638 0.220366 0.022638 -0.046239 -0.000622 2.859497 0.872909 1.986588
5.670000 0.022466 0.220360 0.022466 -0.046053 -0.000619 2.856372 0.870198 1.986174
5.680000 0.023329 0.276174 0.023329 -0.045868 -0.000617 2.644010 0.867507 1.776503
5.690000 0.023580 0.318283 0.023580 -0.045683 -0.000618 2.678528 0.864817 1.813711
5.700000 0.023343 0.318268 0.023343 -0.045498 -0.000621 2.675704 0.862141 1.813563
5.710000 0.023009 0.580131 0.023009 -0.045313 -0.000626 2.761213 0.859486 1.901727
5.720000 0.021931 0.461874 0.021931 -0.045128 -0.000631 2.810218 0.856857 1.953361
5.730000 0.021855 0.461875 0.021855 -0.044945 -0.000634 2.807824 0.854268 1.953556
5.740000 0.022159 0.461870 0.022159 -0.044763 -0.000635 2.805451 0.851698 1.953753
5.750000 0.022010 0.461866 0.022010 -0.044581 -0.000636 2.803138 0.849139 1.953999
5.760000 0.022756 0.249249 0.022756 -0.044400 -0.000638 2.765321 0.846599 1.918722
5.770000 0.022327 0.249231 0.022327 -0.044219 -0.000641 2.763014 0.844062 1.918952
5.780000 0.022430 0.249227 0.022430 -0.044039 -0.000645 2.760695 0.841550 1.919145
5.790000 0.021608 0.338383 0.021608 -0.043859 -0.000649 2.461815 0.839054 1.622761
5.800000 0.021275 0.338405 0.021275 -0.043680 -0.000652 2.458861 0.836594 1.622268
5.810000 0.021247 0.338406 0.021247 -0.043502 -0.000652 2.456082 0.834156 1.621926
5.820000 0.021375 0.338404 0.021375 -0.043325 -0.000652 2.453302 0.831734 1.621568
5.830000 0.021791 0.338400 0.021791 -0.043149 -0.000652 2.450465 0.829325 1.621139
5.840000 0.021184 0.263857 0.021184 -0.042973 -0.000652 2.462936 0.826927 1.636009
5.850000 0.021037 0.263859 0.021037 -0.042799 -0.000651 2.460857 0.824554 1.636303
5.860000 0.020763 0.263856 0.020763 -0.042625 -0.000649 2.458799 0.822201 1.636598
5.870000 0.020737 0.263858 0.020737 -0.042452 -0.000645 2.456725 0.819868 1.636858
5.880000 0.020611 0.263860 0.020611 -0.042280 -0.000640 2.454675 0.817549 1.637126
5.890000 0.020808 0.263861 0.020808 -0.042109 -0.000635 2.452626 0.815244 1.637382
5.900000 0.020668 0.263858 0.020668 -0.041939 -0.000629 2.450637 0.812951 1.637686
5.910000 0.020958 0.224543 0.020958 -0.041769 -0.000624 2.544857 0.810673 1.734184
5.920000 0.020930 0.224525 0.020930 -0.041600 -0.000619 2.542198 0.808404 1.733793
5.930000 0.020954 0.224518 0.020954 -0.041431 -0.000616 2.539502 0.806153 1.733349
5.940000 0.020799 0.387017 0.020799 -0.041262 -0.000613 2.115798 0.803912 1.311886
5.950000 0.020514 0.387012 0.020514 -0.041094 -0.000611 2.113975 0.801691 1.312284
5.960000 0.020111 0.126946 0.020111 -0.040927 -0.000608 2.075885 0.799492 1.276393
5.970000 0.020040 0.126944 0.020040 -0.040760 -0.000604 2.073900 0.797313 1.276587
5.980000 0.019796 0.126946 0.019796 -0.040595 -0.000599 2.071933 0.795148 1.276785
5.990000 0.020321 0.206425 0.020321 -0.040430 -0.000594 2.372862 0.793002 1.579860
6.000000 0.020630 0.206446 0.020630 -0.040265 -0.000589 2.370561 0.790858 1.579703
6.010000 0.020297 0.206436 0.020297 -0.040101 -0.000586 2.368189 0.788721 1.579468
6.020000 0.020051 0.206437 0.020051 -0.039937 -0.000584 2.365905 0.786605 1.579300
6.030000 0.020154 0.206431 0.020154 -0.039773 -0.000581 2.363673 0.784507 1.579165
6.040000 0.019800 0.206428 0.019800 -0.039610 -0.000579 2.361428 0.782420 1.579008
6.050000 0.020133 0.206422 0.020133 -0.039448 -0.000577 2.359273 0.780353 1.578921
6.060000 0.019658 0.295765 0.019658 -0.039286 -0.000576 2.206564 0.778292 1.428271
6.070000 0.019717 0.295742 0.019717 -0.039124 -0.000574 2.204748 0.776254 1.428493
6.080000 0.019414 0.295736 0.019414 -0.038964 -0.000572 2.202960 0.774228 1.428732
6.090000 0.019663 0.295736 0.019663 -0.038804 -0.000570 2.201163 0.772222 1.428941
6.100000 0.019634 0.295732 0.019634 -0.038644 -0.000568 2.199412 0.770222 1.429189
6.110000 0.019696 0.295729 0.019696 -0.038485 -0.000567 2.197690 0.768236 1.429454
6.120000 0.018872 0.257217 0.018872 -0.038326 -0.000565 2.255217 0.766261 1.488956
6.130000 0.018577 0.257223 0.018577 -0.038169 -0.000561 2.253375 0.764316 1.489059
6.140000 0.018668 0.257230 0.018668 -0.038012 -0.000556 2.251539 0.762385 1.489154
6.150000 0.018990 0.257226 0.018990 -0.037857 -0.000549 2.249716 0.760464 1.489252
6.160000 0.018782 0.257221 0.018782 -0.037702 -0.000542 2.247914 0.758549 1.489365
6.170000 0.019703 -0.001588 0.019703 -0.037547 -0.000537 1.858651 0.756648 1.102003
6.180000 0.019553 -0.001599 0.019553 -0.037392 -0.000533 1.856574 0.754742 1.101833
6.190000 0.019110 0.235302 0.019110 -0.037237 -0.000532 2.277393 0.752853 1.524540
6.200000 0.018991 0.235288 0.018991 -0.037083 -0.000530 2.274726 0.750983 1.523744
6.210000 0.020058 0.396980 0.020058 -0.036928 -0.000531 2.714268 0.749130 1.965138
6.220000 0.020092 0.396975 0.020092 -0.036773 -0.000536 2.712776 0.747271 1.965506
6.230000 0.018845 0.337722 0.018845 -0.036618 -0.000543 2.111666 0.745417 1.366249
6.240000 0.018601 0.337725 0.018601 -0.036464 -0.000549 2.109145 0.743606 1.365538
6.250000 0.018320 0.381938 0.018320 -0.036311 -0.000554 2.233660 0.741812 1.491849
6.260000 0.018309 0.381938 0.018309 -0.036158 -0.000558 2.232667 0.740035 1.492632
6.270000 0.018329 0.381939 0.018329 -0.036007 -0.000561 2.231739 0.738268 1.493470
6.280000 0.017822 0.397086 0.017822 -0.035856 -0.000562 2.379164 0.736520 1.642643
6.290000 0.017708 0.397092 0.017708 -0.035706 -0.000562 2.377828 0.734788 1.643041
6.300000 0.017772 0.397092 0.017772 -0.035557 -0.000559 2.376457 0.733068 1.643389
6.310000 0.017758 0.397088 0.017758 -0.035409 -0.000556 2.375141 0.731356 1.643785
6.320000 0.017537 0.397091 0.017537 -0.035262 -0.000552 2.373850 0.729656 1.644194
6.330000 0.017824 0.397088 0.017824 -0.035116 -0.000546 2.372490 0.727968 1.644523
6.340000 0.017647 0.397086 0.017647 -0.034970 -0.000541 2.371278 0.726288 1.644990
6.350000 0.017826 0.397087 0.017826 -0.034825 -0.000536 2.370036 0.724619 1.645417
6.360000 0.017712 0.397086 0.017712 -0.034680 -0.000530 2.368903 0.722958 1.645945
6.370000 0.017435 0.397084 0.017435 -0.034536 -0.000525 2.367753 0.721309 1.646444
6.380000 0.017547 0.397084 0.017547 -0.034392 -0.000520 2.366516 0.719674 1.646842
6.390000 0.017487 0.368962 0.017487 -0.034249 -0.000514 2.519919 0.718045 1.801873
6.400000 0.017335 0.368960 0.017335 -0.034107 -0.000508 2.518812 0.716429 1.802383
6.410000 0.016992 0.368959 0.016992 -0.033965 -0.000502 2.517674 0.714825 1.802850
6.420000 0.017188 0.368958 0.017188 -0.033824 -0.000495 2.516386 0.713236 1.803150
6.430000 0.017223 0.368960 0.017223 -0.033683 -0.000488 2.515244 0.711652 1.803592
6.440000 0.017113 0.368961 0.017113 -0.033543 -0.000480 2.514127 0.710077 1.804049
6.450000 0.016786 0.368960 0.016786 -0.033403 -0.000473 2.512988 0.708514 1.804474
6.460000 0.016984 0.368958 0.016984 -0.033264 -0.000464 2.511697 0.706963 1.804734
6.470000 0.017052 0.368959 0.017052 -0.033126 -0.000456 2.510535 0.705417 1.805119
6.480000 0.016999 0.368956 0.016999 -0.032988 -0.000448 2.509434 0.703880 1.805553
6.490000 0.016997 0.368956 0.016997 -0.032850 -0.000441 2.508342 0.702349 1.805993
6.500000 0.016968 0.368955 0.016968 -0.032712 -0.000433 2.507269 0.700830 1.806439
6.510000 0.017225 0.368956 0.017225 -0.032575 -0.000427 2.506218 0.699318 1.806900
6.520000 0.017210 0.321703 0.017210 -0.032438 -0.000422 2.096698 0.697808 1.398890
6.530000 0.017599 0.303068 0.017599 -0.032301 -0.000419 2.180371 0.696311 1.484060
6.540000 0.017766 0.176271 0.017766 -0.032163 -0.000419 2.457773 0.694815 1.762959
6.550000 0.017928 0.176261 0.017928 -0.032025 -0.000422 2.456028 0.693325 1.762703
6.560000 0.017565 0.176255 0.017565 -0.031886 -0.000428 2.454290 0.691846 1.762444
6.570000 0.017243 0.176255 0.017243 -0.031748 -0.000435 2.452617 0.690383 1.762234
6.580000 0.017011 0.176254 0.017011 -0.031610 -0.000443 2.450998 0.688935 1.762063
6.590000 0.016945 0.176246 0.016945 -0.031472 -0.000450 2.449443 0.687503 1.761940
6.600000 0.017111 0.176248 0.017111 -0.031335 -0.000459 2.447896 0.686082 1.761813
6.610000 0.016806 0.176242 0.016806 -0.031197 -0.000468 2.446338 0.684669 1.761669
6.620000 0.016862 0.176232 0.016862 -0.031061 -0.000478 2.444823 0.683273 1.761550
6.630000 0.016870 0.176228 0.016870 -0.030924 -0.000488 2.443311 0.681885 1.761426
6.640000 0.016721 0.176225 0.016721 -0.030788 -0.000498 2.441799 0.680508 1.761291
6.650000 0.016547 0.346858 0.016547 -0.030652 -0.000509 2.640940 0.679148 1.961792
6.660000 0.015585 0.229333 0.015585 -0.030518 -0.000518 2.472737 0.677799 1.794938
6.670000 0.016303 0.176222 0.016303 -0.030384 -0.000525 2.437536 0.676471 1.761065
6.680000 0.015445 0.229330 0.015445 -0.030251 -0.000532 2.470518 0.675147 1.795371
6.690000 0.015684 0.229324 0.015684 -0.030119 -0.000536 2.469350 0.673844 1.795506
6.700000 0.015458 0.229320 0.015458 -0.029988 -0.000539 2.468263 0.672546 1.795717
6.710000 0.015493 0.229321 0.015493 -0.029858 -0.000541 2.467159 0.671261 1.795898
6.720000 0.015022 0.712931 0.015022 -0.029728 -0.000541 2.228129 0.669983 1.558146
6.730000 0.015032 0.712932 0.015032 -0.029600 -0.000538 2.226841 0.668721 1.558120
6.740000 0.015137 0.712934 0.015137 -0.029473 -0.000535 2.225552 0.667467 1.558085
6.750000 0.014897 0.712933 0.014897 -0.029347 -0.000530 2.224248 0.666220 1.558028
6.760000 0.014519 0.712935 0.014519 -0.029222 -0.000523 2.222990 0.664984 1.558006
6.770000 0.015211 0.712937 0.015211 -0.029097 -0.000515 2.221774 0.663760 1.558014
6.780000 0.014848 0.712934 0.014848 -0.028973 -0.000507 2.220490 0.662535 1.557955
6.790000 0.015197 0.712934 0.015197 -0.028850 -0.000499 2.219250 0.661320 1.557930
6.800000 0.015577 0.712931 0.015577 -0.028726 -0.000492 2.217973 0.660108 1.557864
6.810000 0.015150 0.712935 0.015150 -0.028603 -0.000486 2.216657 0.658899 1.557758
6.820000 0.014422 0.113241 0.014422 -0.028481 -0.000480 2.736657 0.657708 2.078948
6.830000 0.015268 0.712938 0.015268 -0.028359 -0.000474 2.214207 0.656524 1.557682
6.840000 0.014516 0.113231 0.014516 -0.028237 -0.000468 2.733914 0.655348 2.078566
6.850000 0.014822 0.712940 0.014822 -0.028116 -0.000462 2.211776 0.654177 1.557600
6.860000 0.015249 0.346051 0.015249 -0.027995 -0.000456 2.489891 0.653014 1.836877
6.870000 0.014804 0.298690 0.014804 -0.027874 -0.000452 2.231637 0.651853 1.579784
6.880000 0.014972 0.298694 0.014972 -0.027754 -0.000449 2.230403 0.650704 1.579699
6.890000 0.014908 0.298691 0.014908 -0.027634 -0.000446 2.229138 0.649561 1.579578
6.900000 0.014676 0.298689 0.014676 -0.027514 -0.000444 2.227898 0.648426 1.579471
6.910000 0.014557 0.298689 0.014557 -0.027394 -0.000442 2.226685 0.647302 1.579383
6.920000 0.014587 0.298683 0.014587 -0.027275 -0.000440 2.225502 0.646187 1.579316
6.930000 0.014492 0.298684 0.014492 -0.027156 -0.000438 2.224315 0.645079 1.579236
6.940000 0.014510 0.298682 0.014510 -0.027038 -0.000436 2.223147 0.643978 1.579169
6.950000 0.014825 0.298677 0.014825 -0.026920 -0.000435 2.221975 0.642884 1.579091
6.960000 0.014753 0.298676 0.014753 -0.026802 -0.000435 2.220742 0.641796 1.578946
6.970000 0.013985 0.461937 0.013985 -0.026684 -0.000436 2.178734 0.640714 1.538020
6.980000 0.014234 0.461955 0.014234 -0.026567 -0.000435 2.177873 0.639650 1.538224
6.990000 0.013856 0.461954 0.013856 -0.026451 -0.000434 2.177082 0.638591 1.538491
