0.000000 0.977602 0.977602 nan 0.000443 3.143255 585.475525 nan nan
0.010000 0.977381 0.977381 nan 0.001706 3.147981 580.193665 nan nan
0.020000 0.977505 0.977505 nan 0.003694 3.155406 574.851318 nan nan
0.030000 0.977280 0.977280 nan 0.006326 3.165191 569.210632 nan nan
0.040000 0.977266 0.977266 nan 0.009527 3.177022 563.798401 nan nan
0.050000 0.977538 0.977538 nan 0.013231 3.190609 559.031067 nan nan
0.060000 0.977530 0.977530 nan 0.017379 3.205678 554.192688 nan nan
0.070000 0.978519 0.978519 nan 0.021919 3.221978 549.386230 nan nan
0.080000 0.977444 0.977444 nan 0.026805 3.239273 544.898621 nan nan
0.090000 0.946730 0.946730 nan 0.031979 3.257286 540.385010 nan nan
0.100000 0.932988 0.932988 nan 0.037386 3.275743 536.804382 nan nan
0.110000 0.934689 0.934689 nan 0.042992 3.294448 533.109314 nan nan
0.120000 0.947103 0.947103 nan 0.048778 3.313257 529.394531 nan nan
0.130000 0.946677 0.946677 nan 0.054725 3.332035 525.454041 nan nan
0.140000 0.928861 0.928861 nan 0.060804 3.350602 522.155884 nan nan
0.150000 0.930696 0.930696 nan 0.066991 3.368800 519.247986 nan nan
0.160000 0.947383 0.947383 nan 0.073278 3.386539 516.711182 nan nan
0.170000 0.931487 0.931487 nan 0.079653 3.403701 513.830139 nan nan
0.180000 0.937550 0.937550 nan 0.086098 3.420168 510.485382 nan nan
0.190000 0.931462 0.931462 nan 0.092604 3.435841 508.163971 nan nan
0.200000 0.931505 0.931505 nan 0.099159 3.450625 506.122772 nan nan
0.210000 0.933731 0.933731 nan 0.105758 3.464445 504.712372 nan nan
0.220000 0.932097 0.932097 nan 0.112393 3.477230 503.554749 nan nan
0.230000 0.937304 0.937304 nan 0.119062 3.488922 501.977692 nan nan
0.240000 0.930115 0.930115 nan 0.125758 3.499458 500.746307 nan nan
0.250000 0.930087 0.930087 nan 0.132475 3.508778 499.999084 nan nan
0.260000 0.907603 0.907603 nan 0.139199 3.516804 499.246368 nan nan
0.270000 0.943657 0.943657 nan 0.145935 3.523525 499.440613 nan nan
0.280000 0.942686 0.942686 nan 0.152697 3.528965 498.807770 nan nan
0.290000 0.942295 0.942295 nan 0.159481 3.533090 498.957031 nan nan
0.300000 0.942623 0.942623 nan 0.166284 3.535877 500.517670 nan nan
0.310000 0.950449 0.950449 nan 0.173107 3.537322 500.747070 nan nan
0.320000 0.950369 0.950369 nan 0.179951 3.537423 501.085419 nan nan
0.330000 0.951112 0.951112 nan 0.186814 3.536172 502.228912 nan nan
0.340000 0.949527 0.949527 nan 0.193695 3.533566 503.562683 nan nan
0.350000 0.951866 0.951866 nan 0.200590 3.529609 504.377777 nan nan
0.360000 0.951907 0.951907 nan 0.207501 3.524312 505.692963 nan nan
0.370000 0.951896 0.951896 nan 0.214426 3.517690 507.694824 nan nan
0.380000 0.952112 0.952112 nan 0.221363 3.509763 511.484711 nan nan
0.390000 0.939640 0.939640 nan 0.228308 3.500535 512.819031 nan nan
0.400000 0.985392 0.985392 nan 0.235273 3.490091 515.722107 nan nan
0.410000 0.985317 0.985317 nan 0.242279 3.478531 515.318665 nan nan
0.420000 -0.651452 -0.651452 nan 0.248591 3.463298 513.656677 nan nan
0.430000 -0.923048 -0.923048 nan 0.253462 3.441775 510.518646 nan nan
0.440000 -0.952144 -0.952144 nan 0.256919 3.414100 506.338593 nan nan
0.450000 -1.000000 -1.000000 nan 0.259082 3.380766 502.457428 nan nan
0.460000 -0.989184 -0.989184 nan 0.260079 3.342313 497.528503 nan nan
0.470000 -0.989211 -0.989211 nan 0.260046 3.299345 490.616241 nan nan
0.480000 -0.990042 -0.990042 nan 0.259103 3.252430 484.676117 nan nan
0.490000 -0.988166 -0.988166 nan 0.257359 3.202128 478.210358 nan nan
0.500000 -0.989009 -0.989009 nan 0.254917 3.148991 469.616425 nan nan
0.510000 -0.989071 -0.989071 nan 0.251869 3.093553 462.260498 nan nan
0.520000 -0.977758 -0.977758 nan 0.248304 3.036356 455.669128 nan nan
0.530000 -0.977788 -0.977788 nan 0.244302 2.977920 447.841858 nan nan
0.540000 -0.988584 -0.988584 nan 0.239928 2.918703 440.998138 nan nan
0.550000 -0.989821 -0.989821 nan 0.235235 2.859138 435.304688 nan nan
0.560000 -0.996829 -0.996829 nan 0.230275 2.799632 428.092926 nan nan
0.570000 -0.990744 -0.990744 nan 0.225093 2.740576 421.613739 nan nan
0.580000 -0.986869 -0.986869 nan 0.219733 2.682339 415.805756 nan nan
0.590000 -0.990862 -0.990862 -1.000000 0.214226 2.625240 409.177246 409.796448 -0.619202
0.600000 -0.979112 -0.979112 nan 0.208602 2.569572 403.558075 nan nan
0.610000 -0.979727 -0.979727 nan 0.202885 2.515601 399.013977 nan nan
0.620000 -0.976025 -0.976025 -1.000000 0.197090 2.463550 392.842560 393.307892 -0.465332
0.630000 -0.976216 -0.976216 -1.000000 0.191230 2.413612 388.001709 393.969421 -5.967712
0.640000 -0.973736 -0.973736 nan 0.185311 2.365958 384.202209 nan nan
0.650000 -0.945410 -0.945410 nan 0.179351 2.320768 378.676361 nan nan
0.660000 -0.971308 -0.971308 0.559214 0.173351 2.278167 374.297150 389.907898 -15.610748
0.670000 -0.971650 -0.971650 nan 0.167300 2.238235 371.168640 nan nan
0.680000 -0.928890 -0.928890 -1.000000 0.161214 2.201112 365.918060 381.862427 -15.944366
0.690000 -0.935634 -0.935634 -0.715678 0.155104 2.166907 361.912598 388.895142 -26.982544
0.700000 -0.911216 -0.911216 nan 0.148974 2.135702 359.387665 nan nan
0.710000 -0.940846 -0.940846 nan 0.142816 2.107548 354.454559 nan nan
0.720000 -0.952176 -0.952176 nan 0.136609 2.082461 350.863556 nan nan
0.730000 -0.916916 -0.916916 nan 0.130362 2.060508 349.043945 nan nan
0.740000 -0.916727 -0.916727 nan 0.124087 2.041750 344.626373 nan nan
0.750000 -0.918415 -0.918415 nan 0.117781 2.026217 340.776428 nan nan
0.760000 -0.958370 -0.958370 nan 0.111425 2.013906 338.561859 nan nan
0.770000 -0.960835 -0.960835 nan 0.105004 2.004814 334.390839 nan nan
0.780000 -0.939949 -0.939949 nan 0.098530 1.998975 331.177795 nan nan
0.790000 -0.954475 -0.954475 nan 0.092008 1.996407 328.812897 nan nan
0.800000 -0.976402 -0.976402 nan 0.085428 1.997100 324.512878 nan nan
0.810000 -0.954449 -0.954449 nan 0.078796 2.001061 320.782196 nan nan
0.820000 -0.954639 -0.954639 nan 0.072127 2.008307 317.941956 nan nan
0.830000 -0.956110 -0.956110 nan 0.065427 2.018834 314.852081 nan nan
0.840000 -0.945097 -0.945097 nan 0.058704 2.032642 311.048462 nan nan
0.850000 -0.963180 -0.963180 nan 0.051964 2.049712 308.174194 nan nan
0.860000 -0.966973 -0.966973 nan 0.045204 2.070012 306.663116 nan nan
0.870000 -0.967316 -0.967316 nan 0.038429 2.093517 302.634369 nan nan
0.880000 -0.981036 -0.981036 nan 0.031644 2.120186 299.906250 nan nan
0.890000 -0.981566 -0.981566 nan 0.024849 2.149974 297.233673 nan nan
0.900000 -0.982075 -0.982075 nan 0.018052 2.182838 293.202484 nan nan
0.910000 -0.982382 -0.982382 nan 0.011262 2.218724 290.164642 nan nan
0.920000 -0.969168 -0.969168 nan 0.004488 2.257582 288.103912 nan nan
0.930000 -0.969175 -0.969175 nan -0.002257 2.299351 283.268280 nan nan
0.940000 -0.969820 -0.969820 nan -0.008970 2.343942 279.455475 nan nan
0.950000 -0.969722 -0.969722 nan -0.015651 2.391251 277.137482 nan nan
0.960000 -0.943737 -0.943737 nan -0.022287 2.441191 274.276978 nan nan
0.970000 -0.853358 -0.853358 nan -0.028831 2.493766 270.967010 nan nan
0.980000 -0.625755 -0.625755 nan -0.035157 2.549215 268.766235 nan nan
0.990000 0.428237 0.428237 nan -0.040735 2.609061 264.665527 nan nan
1.000000 0.815833 0.815833 nan -0.045028 2.674928 261.614594 nan nan
1.010000 0.950388 0.950388 nan -0.047942 2.747065 256.745972 nan nan
1.020000 0.952698 0.952698 nan -0.049565 2.825079 251.059952 nan nan
1.030000 0.955543 0.955543 nan -0.050043 2.908312 247.421371 nan nan
1.040000 0.991349 0.991349 nan -0.049504 2.996103 244.350281 nan nan
1.050000 0.992370 0.992370 nan -0.048075 3.087722 241.573151 nan nan
1.060000 0.991461 0.991461 nan -0.045898 3.182338 240.280594 nan nan
1.070000 0.990492 0.990492 nan -0.043108 3.279097 241.133087 nan nan
1.080000 0.995512 0.995512 nan -0.039828 3.377173 243.878601 nan nan
1.090000 0.995440 0.995440 nan -0.036167 3.475778 247.279892 nan nan
1.100000 0.995733 0.995733 nan -0.032223 3.574183 252.600891 nan nan
1.110000 0.996971 0.996971 nan -0.028073 3.671747 260.836426 nan nan
1.120000 0.997163 0.997163 nan -0.023781 3.767917 269.206299 nan nan
1.130000 0.997725 0.997725 nan -0.019391 3.862231 273.356659 nan nan
1.140000 0.997846 0.997846 nan -0.014934 3.954307 278.231232 nan nan
1.150000 0.994631 0.994631 nan -0.010430 4.043837 282.076538 nan nan
1.160000 0.994111 0.994111 nan -0.005889 4.130569 284.534729 nan nan
1.170000 0.993896 0.993896 nan -0.001309 4.214310 287.331818 nan nan
1.180000 0.993897 0.993897 nan 0.003315 4.294899 289.666229 nan nan
1.190000 0.993849 0.993849 nan 0.007994 4.372212 292.041931 nan nan
1.200000 0.993869 0.993869 nan 0.012742 4.446144 295.972992 nan nan
1.210000 1.000000 1.000000 nan 0.017576 4.516612 296.542603 nan nan
1.220000 1.000000 1.000000 nan 0.022512 4.583547 298.703278 nan nan
1.230000 1.000000 1.000000 nan 0.027564 4.646891 299.057159 nan nan
1.240000 0.998414 0.998414 nan 0.032745 4.706597 299.629364 nan nan
1.250000 0.834584 0.834584 1.000000 0.038001 4.762630 299.416901 304.957458 -5.540558
1.260000 0.500236 0.500236 nan 0.043155 4.815018 299.515869 nan nan
1.270000 0.111023 -0.034293 0.111023 0.047961 4.863889 297.780365 297.343994 0.436371
1.280000 -0.613627 -0.811592 -0.613627 0.052040 4.909548 296.637787 295.977356 0.660431
1.290000 -0.514215 -0.754413 -0.514215 0.055242 4.952238 295.193695 294.724274 0.469421
1.300000 -0.951508 -0.951508 nan 0.057533 4.992172 294.817657 nan nan
1.310000 -0.781093 -0.774053 -0.781093 0.058912 5.029509 292.677490 292.106506 0.570984
1.320000 -0.878775 -0.854849 -0.878775 0.059504 5.064270 291.409729 291.191650 0.218079
1.330000 -0.867346 -0.867346 nan 0.059363 5.096522 290.690002 nan nan
1.340000 -0.916812 -0.885282 -0.916812 0.058552 5.126304 288.864929 288.693176 0.171753
1.350000 -0.746984 -0.905936 -0.746984 0.057194 5.153540 288.087616 287.720337 0.367279
1.360000 -0.556414 -0.556414 nan 0.055490 5.177999 286.724701 nan nan
1.370000 -0.604824 -0.680153 -0.604824 0.053536 5.199591 285.452942 285.262238 0.190704
1.380000 -0.639276 -0.639276 -1.000000 0.051329 5.218376 285.136902 298.602905 -13.466003
1.390000 -0.247444 -0.247444 -0.635737 0.049045 5.234080 283.869141 286.829742 -2.960602
1.400000 -0.518882 -0.398043 -0.518882 0.046738 5.246640 282.657318 282.610626 0.046692
1.410000 0.302951 0.302951 nan 0.044640 5.255628 282.503387 nan nan
1.420000 0.105516 0.105516 -0.164172 0.042975 5.260629 280.893250 282.730896 -1.837646
1.430000 -0.250749 -0.546283 -0.250749 0.041480 5.262159 280.378204 280.371643 0.006561
1.440000 0.673523 0.673523 nan 0.040373 5.259791 279.959015 nan nan
1.450000 0.491205 0.491205 0.494078 0.039902 5.253042 278.077942 278.623199 -0.545258
1.460000 0.042557 -0.069562 0.042557 0.039747 5.242526 277.688690 277.454498 0.234192
1.470000 0.843188 0.843188 nan 0.040020 5.228026 276.485779 nan nan
1.480000 0.559666 0.559666 0.608609 0.040872 5.209256 274.878937 276.590576 -1.711639
1.490000 0.300893 0.300893 0.054003 0.042021 5.186716 274.346710 276.933380 -2.586670
1.500000 0.952025 0.952025 nan 0.043591 5.160191 273.223328 nan nan
1.510000 0.904078 0.904078 1.000000 0.045760 5.129374 270.616882 273.833801 -3.216919
1.520000 0.854805 0.854805 0.387272 0.048417 5.094451 269.523468 271.623627 -2.100159
1.530000 0.980152 0.980152 nan 0.051530 5.055480 267.776245 nan nan
1.540000 0.916800 0.916800 1.000000 0.055058 5.012517 265.179016 276.863953 -11.684937
1.550000 0.887881 0.887881 0.503045 0.058906 4.965683 263.529358 265.182281 -1.652924
1.560000 0.991734 0.991734 1.000000 0.063053 4.915010 261.701050 294.434418 -32.733368
1.570000 0.961462 0.961462 1.000000 0.067475 4.860525 257.780151 261.681061 -3.900909
1.580000 0.903636 0.903636 0.984863 0.072087 4.802293 255.439087 256.792694 -1.353607
1.590000 0.917036 0.917036 1.000000 0.076829 4.740355 252.352509 256.953735 -4.601227
1.600000 0.980835 0.980835 0.696955 0.081692 4.674727 248.115295 253.682327 -5.567032
1.610000 0.681181 0.681181 0.643840 0.086547 4.605413 245.289978 249.072495 -3.782516
1.620000 0.827033 0.827033 0.482112 0.091310 4.532410 241.238235 249.035294 -7.797058
1.630000 0.768071 0.768071 0.405283 0.095995 4.455734 235.655029 242.568726 -6.913696
1.640000 0.750736 0.750736 0.121393 0.100553 4.375381 231.943253 236.500534 -4.557281
1.650000 0.163961 0.163961 -0.266934 0.104733 4.291065 226.225037 230.281555 -4.056519
1.660000 -0.510035 -0.510035 -0.313280 0.108047 4.202042 219.723572 226.400009 -6.676437
1.670000 -0.519403 -0.519403 -0.558811 0.110282 4.107840 214.371033 237.370087 -22.999054
1.680000 -0.961404 -0.961404 -1.000000 0.111329 4.008067 206.897552 211.384842 -4.487289
1.690000 -0.909103 -0.909103 -1.000000 0.111123 3.902462 198.486725 210.860809 -12.374084
1.700000 -0.963003 -0.963003 -1.000000 0.109772 3.791216 190.964752 306.335999 -115.371246
1.710000 -0.974533 -0.974533 -1.000000 0.107364 3.674601 180.713318 198.469299 -17.755981
1.720000 -0.910203 -0.910203 -1.000000 0.104053 3.553215 169.866943 271.881775 -102.014832
1.730000 -0.934639 -0.934639 -1.000000 0.099998 3.427808 160.593414 168.656387 -8.062973
1.740000 -0.948075 -0.948075 -1.000000 0.095335 3.299185 147.243393 175.175674 -27.932281
1.750000 -0.921384 -0.921384 -1.000000 0.090232 3.168363 134.094788 137.572067 -3.477280
1.760000 -0.896484 -0.896484 -1.000000 0.084873 3.036484 121.741577 195.993820 -74.252243
1.770000 -0.946483 -0.946483 -1.000000 0.079393 2.904537 110.582642 131.382767 -20.800125
1.780000 -0.830253 -0.830253 -1.000000 0.073949 2.773582 100.198532 105.730476 -5.531944
1.790000 -0.867916 -0.760816 -0.867916 0.068671 2.644524 90.374733 89.760223 0.614510
1.800000 -0.656475 -0.554316 -0.656475 0.063696 2.518208 81.782913 80.833076 0.949837
1.810000 -0.513397 -0.782349 -0.513397 0.059196 2.395474 73.756180 72.745735 1.010445
1.820000 -0.316586 -0.650890 -0.316586 0.055289 2.276860 65.851669 65.411537 0.440132
1.830000 -0.217901 -0.396046 -0.217901 0.052040 2.162641 59.607327 58.797100 0.810226
1.840000 -0.164301 -0.094902 -0.164301 0.049433 2.052814 53.236710 52.800884 0.435825
1.850000 -0.079848 -0.116315 -0.079848 0.047436 1.947306 48.021225 47.369507 0.651718
1.860000 -0.026338 -0.177821 -0.026338 0.046015 1.846012 43.233727 42.457367 0.776360
1.870000 0.019540 -0.188755 0.019540 0.045118 1.748794 38.680241 38.004135 0.676105
1.880000 0.055294 0.028619 0.055294 0.044691 1.655508 34.380630 33.994362 0.386269
1.890000 0.076083 0.101171 0.076083 0.044674 1.566019 30.820086 30.369068 0.451017
1.900000 0.082949 0.079512 0.082949 0.045000 1.480205 27.568792 27.095915 0.472878
1.910000 0.077468 0.333631 0.077468 0.045604 1.397962 24.792606 24.138323 0.654284
1.920000 0.057486 -0.327936 0.057486 0.046413 1.319213 22.091995 21.498821 0.593174
1.930000 0.051836 -0.007063 0.051836 0.047365 1.243895 19.362251 19.118126 0.244125
1.940000 0.039378 -0.106095 0.039378 0.048409 1.171951 17.781767 16.984694 0.797073
1.950000 0.017591 0.071523 0.017591 0.049493 1.103340 15.587406 15.092390 0.495016
1.960000 -0.014677 0.161751 -0.014677 0.050565 1.038034 13.945016 13.396402 0.548614
1.970000 -0.021424 0.254984 -0.021424 0.051586 0.975993 12.478934 11.883553 0.595382
1.980000 -0.040938 -0.233971 -0.040938 0.052530 0.917164 11.109120 10.537209 0.571912
1.990000 -0.029731 -0.120191 -0.029731 0.053381 0.861467 10.109416 9.348004 0.761412
2.000000 -0.057037 -0.189626 -0.057037 0.054125 0.808823 8.832982 8.293271 0.539711
2.010000 -0.065695 -0.295642 -0.065695 0.054743 0.759166 8.086626 7.368293 0.718333
2.020000 -0.054331 -0.143986 -0.054331 0.055238 0.712377 6.999814 6.534462 0.465352
2.030000 -0.094577 -0.079745 -0.094577 0.055599 0.668371 6.557584 5.800861 0.756723
2.040000 -0.056510 -0.034052 -0.056510 0.055833 0.627020 5.620152 5.170754 0.449398
2.050000 -0.122035 0.229249 -0.122035 0.055933 0.588234 5.208179 4.603394 0.604786
2.060000 -0.095838 0.082878 -0.095838 0.055894 0.551926 5.008057 4.115338 0.892719
2.070000 -0.099420 -0.133399 -0.099420 0.055734 0.517929 4.124883 3.681424 0.443459
2.080000 -0.115910 -0.052968 -0.115910 0.055457 0.486138 3.925253 3.299351 0.625901
2.090000 -0.100585 -0.083414 -0.100585 0.055073 0.456421 3.775870 2.949208 0.826662
2.100000 -0.100916 -0.007767 -0.100916 0.054598 0.428629 3.017723 2.655254 0.362469
2.110000 -0.083130 -0.206187 -0.083130 0.054051 0.402615 3.113650 2.393518 0.720132
2.120000 -0.047500 -0.176427 -0.047500 0.053463 0.378184 2.925104 2.162281 0.762824
2.130000 -0.109432 -0.239864 -0.109432 0.052826 0.355279 2.411630 1.954440 0.457191
2.140000 -0.113509 -0.171808 -0.113509 0.052119 0.333902 2.669546 1.777507 0.892039
2.150000 -0.155649 -0.197164 -0.155649 0.051331 0.314020 1.895075 1.613701 0.281374
2.160000 -0.086243 -0.175089 -0.086243 0.050484 0.295484 2.036751 1.472346 0.564405
2.170000 -0.083357 -0.393923 -0.083357 0.049617 0.278089 1.919368 1.344870 0.574498
2.180000 -0.137221 -0.291583 -0.137221 0.048712 0.261844 1.917921 1.234710 0.683210
2.190000 -0.102935 -0.185013 -0.102935 0.047766 0.246700 1.489582 1.133928 0.355653
2.200000 -0.144600 -0.325621 -0.144600 0.046781 0.232594 1.766616 1.053728 0.712888
2.210000 -0.088585 0.072537 -0.088585 0.045771 0.219430 1.235474 0.970736 0.264738
2.220000 -0.139622 0.187647 -0.139622 0.044741 0.207140 1.388092 0.913718 0.474374
2.230000 -0.066847 -0.171063 -0.066847 0.043705 0.195627 1.406288 0.845877 0.560411
2.240000 -0.099261 -0.201500 -0.099261 0.042683 0.184781 1.424090 0.793775 0.630315
2.250000 -0.114943 -0.100698 -0.114943 0.041652 0.174639 1.176620 0.735433 0.441187
2.260000 -0.090894 -0.151557 -0.090894 0.040621 0.165142 1.374024 0.695518 0.678506
2.270000 -0.104495 -0.187525 -0.104495 0.039593 0.156235 1.597880 0.652146 0.945735
2.280000 -0.092389 -0.238155 -0.092389 0.038570 0.147884 1.134878 0.620262 0.514616
2.290000 -0.076654 0.084114 -0.076654 0.037565 0.140010 1.113895 0.583957 0.529938
2.300000 -0.093851 -0.033374 -0.093851 0.036575 0.132591 0.979626 0.562030 0.417596
2.310000 -0.080907 0.058561 -0.080907 0.035598 0.125608 0.939506 0.526440 0.413067
2.320000 -0.096683 -0.440059 -0.096683 0.034633 0.119044 1.122051 0.505470 0.616582
2.330000 -0.053265 0.031496 -0.053265 0.033692 0.112828 1.039814 0.504341 0.535473
2.340000 -0.104952 -0.125606 -0.104952 0.032769 0.106960 0.880276 0.464385 0.415891
2.350000 -0.069358 -0.264710 -0.069358 0.031856 0.101448 1.282787 0.449814 0.832973
2.360000 -0.086669 -0.026238 -0.086669 0.030960 0.096243 0.918644 0.437709 0.480935
2.370000 -0.110529 0.013993 -0.110529 0.030062 0.091399 0.986029 0.422766 0.563263
2.380000 -0.079230 -0.223959 -0.079230 0.029167 0.086881 0.820971 0.401602 0.419369
2.390000 -0.081853 -0.119434 -0.081853 0.028288 0.082624 1.104314 0.393890 0.710425
2.400000 -0.096376 -0.274374 -0.096376 0.027415 0.078646 1.353603 0.385679 0.967924
2.410000 -0.069476 -0.154588 -0.069476 0.026554 0.074911 1.085032 0.370061 0.714972
2.420000 -0.046817 -0.247130 -0.046817 0.025728 0.071325 0.846649 0.364629 0.482020
2.430000 -0.074447 0.126841 -0.074447 0.024929 0.067898 0.793981 0.355431 0.438551
2.440000 -0.089944 0.034584 -0.089944 0.024135 0.064698 0.974818 0.358851 0.615967
2.450000 -0.088616 -0.052441 -0.088616 0.023342 0.061737 0.765832 0.341473 0.424359
2.460000 -0.083490 0.123150 -0.083490 0.022552 0.058991 0.815099 0.335510 0.479589
2.470000 -0.068478 0.004007 -0.068478 0.021774 0.056416 0.884655 0.329565 0.555091
2.480000 -0.056526 -0.213279 -0.056526 0.021019 0.053962 1.096160 0.324140 0.772020
2.490000 -0.073516 -0.085204 -0.073516 0.020283 0.051637 0.916831 0.319390 0.597441
2.500000 -0.071145 0.050290 -0.071145 0.019557 0.049463 0.686307 0.313988 0.372319
2.510000 -0.018258 -0.153147 -0.018258 0.018866 0.047341 1.005008 0.322993 0.682016
2.520000 -0.064567 0.025755 -0.064567 0.018208 0.045270 0.962351 0.313055 0.649296
2.530000 -0.107057 -0.070342 -0.107057 0.017540 0.043401 1.025960 0.306138 0.719822
2.540000 -0.073983 -0.029232 -0.073983 0.016860 0.041737 0.821737 0.298910 0.522827
2.550000 -0.054629 -0.063356 -0.054629 0.016193 0.040177 0.835153 0.292496 0.542657
2.560000 -0.088354 -0.083417 -0.088354 0.015531 0.038748 1.040949 0.302547 0.738403
2.570000 -0.024578 0.084799 -0.024578 0.014888 0.037390 0.828665 0.286999 0.541666
2.580000 -0.032225 0.106981 -0.032225 0.014286 0.036016 0.809121 0.288827 0.520294
2.590000 -0.046562 0.053226 -0.046562 0.013711 0.034674 0.734823 0.284235 0.450588
2.600000 -0.014953 -0.025096 -0.014953 0.013168 0.033338 0.810202 0.293183 0.517018
2.610000 -0.039638 0.021331 -0.039638 0.012656 0.032008 0.964873 0.283001 0.681872
2.620000 -0.052386 -0.178855 -0.052386 0.012156 0.030752 0.761571 0.279068 0.482503
2.630000 -0.032085 -0.225465 -0.032085 0.011670 0.029556 1.026347 0.283725 0.742622
2.640000 -0.034911 -0.053286 -0.034911 0.011204 0.028394 0.794832 0.273893 0.520939
2.650000 -0.018986 0.183265 -0.018986 0.010762 0.027245 0.659791 0.273395 0.386396
2.660000 -0.058466 -0.197443 -0.058466 0.010331 0.026157 0.700497 0.275505 0.424992
2.670000 -0.025108 0.037729 -0.025108 0.009908 0.025137 1.196667 0.274061 0.922605
2.680000 -0.035774 0.222863 -0.035774 0.009501 0.024147 0.739918 0.272452 0.467466
2.690000 -0.042081 -0.309083 -0.042081 0.009101 0.023219 0.885359 0.267431 0.617927
2.700000 -0.034749 0.119333 -0.034749 0.008708 0.022349 0.604837 0.266418 0.338419
2.710000 0.008601 -0.248555 0.008601 0.008345 0.021451 0.910191 0.273575 0.636616
2.720000 -0.009977 0.174895 -0.009977 0.008019 0.020495 1.093307 0.277412 0.815895
2.730000 0.007987 -0.036860 0.007987 0.007725 0.019491 0.973249 0.270094 0.703155
2.740000 -0.036637 -0.009698 -0.036637 0.007449 0.018495 0.873638 0.273881 0.599758
2.750000 -0.051255 0.172895 -0.051255 0.007161 0.017609 1.031353 0.269909 0.761445
2.760000 -0.035603 -0.052553 -0.035603 0.006864 0.016821 0.807223 0.267563 0.539660
2.770000 -0.062542 -0.067338 -0.062542 0.006554 0.016144 0.844454 0.264471 0.579983
2.780000 -0.044745 0.025564 -0.044745 0.006229 0.015583 0.766906 0.267551 0.499355
2.790000 -0.021155 -0.110326 -0.021155 0.005910 0.015061 0.866508 0.266690 0.599819
2.800000 -0.010287 0.058397 -0.010287 0.005609 0.014521 0.867213 0.269756 0.597457
2.810000 -0.040151 -0.005551 -0.040151 0.005318 0.014001 1.072819 0.273420 0.799399
2.820000 -0.021442 -0.053763 -0.021442 0.005030 0.013519 0.758344 0.261645 0.496700
2.830000 0.002332 -0.087034 0.002332 0.004764 0.013005 0.987960 0.269568 0.718391
2.840000 -0.052807 -0.059088 -0.052807 0.004503 0.012521 0.740355 0.262316 0.478039
2.850000 -0.047223 -0.173697 -0.047223 0.004224 0.012146 0.782922 0.265963 0.516959
2.860000 -0.030673 -0.072909 -0.030673 0.003941 0.011835 0.814447 0.268826 0.545621
2.870000 -0.044746 -0.113309 -0.044746 0.003654 0.011581 0.837967 0.260636 0.577331
2.880000 -0.028692 0.222527 -0.028692 0.003365 0.011378 1.024708 0.263662 0.761046
2.890000 -0.053668 -0.068918 -0.053668 0.003070 0.011239 1.021509 0.259743 0.761765
2.900000 -0.023424 0.040499 -0.023424 0.002773 0.011152 1.030139 0.269683 0.760456
2.910000 0.001163 -0.026690 0.001163 0.002497 0.011022 0.885430 0.267140 0.618290
2.920000 -0.023601 0.236767 -0.023601 0.002241 0.010862 0.823678 0.265414 0.558265
2.930000 0.020439 -0.023957 0.020439 0.002010 0.010644 0.775111 0.265438 0.509672
2.940000 -0.020475 0.171236 -0.020475 0.001804 0.010375 0.983527 0.261887 0.721641
2.950000 0.007599 -0.090237 0.007599 0.001613 0.010084 0.738772 0.257381 0.481390
2.960000 -0.013026 -0.011577 -0.013026 0.001440 0.009766 0.894734 0.259992 0.634742
2.970000 -0.024331 0.065672 -0.024331 0.001268 0.009478 0.759935 0.266610 0.493325
2.980000 -0.026943 -0.185694 -0.026943 0.001091 0.009245 0.804563 0.259118 0.545445
2.990000 -0.018434 -0.077455 -0.018434 0.000913 0.009051 0.875563 0.256376 0.619187
3.000000 0.025756 -0.035606 0.025756 0.000757 0.008807 1.111496 0.259990 0.851506
3.010000 -0.002129 -0.036594 -0.002129 0.000627 0.008497 0.846433 0.260435 0.585998
3.020000 0.010712 -0.162121 0.010712 0.000514 0.008153 0.995700 0.265937 0.729762
3.030000 -0.022696 0.190728 -0.022696 0.000407 0.007817 0.919948 0.260784 0.659164
3.040000 0.013688 -0.087392 0.013688 0.000308 0.007484 0.732917 0.265844 0.467073
3.050000 -0.047775 -0.134901 -0.047775 0.000202 0.007199 0.817082 0.265708 0.551374
3.060000 -0.001095 -0.061118 -0.001095 0.000086 0.006981 0.990089 0.257341 0.732748
3.070000 0.016897 0.072403 0.016897 -0.000011 0.006717 0.836779 0.255828 0.580951
3.080000 -0.006039 -0.091536 -0.006039 -0.000093 0.006423 0.594151 0.258657 0.335494
3.090000 -0.013172 -0.176837 -0.013172 -0.000176 0.006153 0.859379 0.260787 0.598592
3.100000 0.016448 0.299920 0.016448 -0.000248 0.005869 0.895178 0.263264 0.631914
3.110000 -0.034653 -0.428536 -0.034653 -0.000322 0.005612 0.837912 0.259068 0.578844
3.120000 -0.004591 0.037059 -0.004591 -0.000406 0.005411 0.661389 0.256418 0.404971
3.130000 0.009263 0.087516 0.009263 -0.000479 0.005190 0.762607 0.259088 0.503520
3.140000 -0.014475 -0.214924 -0.014475 -0.000547 0.004970 1.230796 0.299190 0.931607
3.150000 -0.022788 -0.003954 -0.022788 -0.000625 0.004805 0.638786 0.256898 0.381888
3.160000 -0.006236 0.026961 -0.006236 -0.000707 0.004675 0.976785 0.263300 0.713485
3.170000 0.004873 -0.087302 0.004873 -0.000782 0.004533 1.017083 0.264655 0.752428
3.180000 -0.017367 0.195774 -0.017367 -0.000855 0.004399 0.938073 0.257296 0.680777
3.190000 0.011248 0.274782 0.011248 -0.000922 0.004264 1.030461 0.263976 0.766484
3.200000 0.005748 0.014253 0.005748 -0.000975 0.004089 0.993015 0.262921 0.730095
3.210000 -0.041513 -0.149372 -0.041513 -0.001039 0.003971 0.732599 0.256246 0.476353
3.220000 -0.003358 0.118825 -0.003358 -0.001117 0.003917 0.845628 0.264856 0.580772
3.230000 -0.017611 0.330718 -0.017611 -0.001195 0.003882 0.991284 0.262918 0.728366
3.240000 -0.013589 -0.083528 -0.013589 -0.001279 0.003882 0.641417 0.256102 0.385315
3.250000 0.025930 0.066379 0.025930 -0.001349 0.003841 0.679854 0.254466 0.425388
3.260000 -0.004076 -0.030647 -0.004076 -0.001402 0.003753 0.508900 0.256758 0.252141
3.270000 0.003720 -0.044664 0.003720 -0.001449 0.003658 0.640203 0.253750 0.386453
3.280000 0.012904 -0.211125 0.012904 -0.001484 0.003531 0.898655 0.256717 0.641939
3.290000 -0.019035 0.039513 -0.019035 -0.001519 0.003415 0.886635 0.261537 0.625099
3.300000 0.018608 0.270021 0.018608 -0.001551 0.003298 0.855508 0.263423 0.592085
3.310000 -0.012338 -0.115766 -0.012338 -0.001577 0.003173 0.833023 0.257865 0.575158
3.320000 0.018491 -0.173021 0.018491 -0.001597 0.003039 0.807828 0.258453 0.549375
3.330000 -0.012973 0.292417 -0.012973 -0.001613 0.002902 1.136749 0.263552 0.873197
3.340000 0.025143 -0.120901 0.025143 -0.001623 0.002748 0.750283 0.259728 0.490555
3.350000 0.005255 -0.107634 0.005255 -0.001618 0.002552 0.816500 0.264201 0.552299
3.360000 0.018904 0.334566 0.018904 -0.001603 0.002329 0.848401 0.258262 0.590139
3.370000 -0.022914 -0.013385 -0.022914 -0.001593 0.002129 0.916509 0.254771 0.661738
3.380000 -0.002750 0.013309 -0.002750 -0.001595 0.001985 0.634407 0.257315 0.377092
3.390000 -0.005228 -0.030668 -0.005228 -0.001601 0.001862 0.751179 0.259094 0.492085
3.400000 0.002893 0.015661 0.002893 -0.001608 0.001748 0.986177 0.259087 0.727090
3.410000 0.009677 -0.032300 0.009677 -0.001608 0.001618 0.910969 0.261144 0.649826
3.420000 -0.001298 0.013462 -0.001298 -0.001605 0.001481 0.941641 0.266312 0.675329
3.430000 -0.036498 0.122066 -0.036498 -0.001620 0.001415 0.763889 0.264673 0.499216
3.440000 -0.000885 0.082167 -0.000885 -0.001649 0.001411 1.077950 0.262337 0.815612
3.450000 0.000096 0.052086 0.000096 -0.001676 0.001401 0.829244 0.257145 0.572099
3.460000 0.016473 0.005497 0.016473 -0.001693 0.001358 0.541867 0.255696 0.286171
3.470000 -0.012875 -0.078358 -0.012875 -0.001706 0.001308 0.842588 0.262445 0.580142
3.480000 -0.015607 0.071880 -0.015607 -0.001731 0.001307 0.807274 0.261319 0.545955
3.490000 -0.022626 0.080748 -0.022626 -0.001770 0.001364 0.679408 0.260359 0.419049
3.500000 0.027323 0.091987 0.027323 -0.001803 0.001401 1.104244 0.262778 0.841466
3.510000 0.021700 0.069259 0.021700 -0.001810 0.001348 0.840147 0.261094 0.579053
3.520000 -0.008313 -0.062777 -0.008313 -0.001811 0.001277 0.741810 0.255174 0.486636
3.530000 -0.005554 0.228110 -0.005554 -0.001819 0.001234 0.893966 0.260641 0.633325
3.540000 0.006096 -0.104093 0.006096 -0.001825 0.001192 0.867613 0.263446 0.604167
3.550000 -0.002535 0.197727 -0.002535 -0.001829 0.001147 0.927770 0.256534 0.671236
3.560000 -0.002147 0.000572 -0.002147 -0.001835 0.001112 0.631717 0.254672 0.377045
3.570000 0.022702 0.286081 0.022702 -0.001832 0.001045 0.745847 0.256921 0.488926
3.580000 0.009504 0.053799 0.009504 -0.001814 0.000930 0.974314 0.265721 0.708593
3.590000 -0.005867 0.155478 -0.005867 -0.001797 0.000821 0.694033 0.262665 0.431368
3.600000 0.016850 -0.000337 0.016850 -0.001778 0.000704 0.906480 0.257088 0.649391
3.610000 -0.036056 -0.128246 -0.036056 -0.001769 0.000631 1.008749 0.261399 0.747350
3.620000 0.009044 0.102950 0.009044 -0.001773 0.000609 0.789414 0.257286 0.532128
3.630000 0.017090 0.234260 0.017090 -0.001765 0.000543 0.956917 0.258726 0.698192
3.640000 0.011832 0.268420 0.011832 -0.001746 0.000436 0.740536 0.261390 0.479146
3.650000 -0.033723 -0.087005 -0.033723 -0.001738 0.000376 0.997545 0.258672 0.738873
3.660000 -0.028719 0.160272 -0.028719 -0.001760 0.000425 0.766418 0.255958 0.510460
3.670000 -0.007840 -0.062162 -0.007840 -0.001795 0.000527 1.049809 0.263173 0.786636
3.680000 0.002030 0.099106 0.002030 -0.001828 0.000626 0.831749 0.260482 0.571267
3.690000 -0.013145 0.089669 -0.013145 -0.001863 0.000732 0.612155 0.257720 0.354435
3.700000 -0.012482 0.106265 -0.012482 -0.001906 0.000870 0.781384 0.256424 0.524960
3.710000 -0.018549 0.032792 -0.018549 -0.001958 0.001045 0.564309 0.256301 0.308008
3.720000 0.008863 0.253387 0.008863 -0.002008 0.001218 0.645079 0.257940 0.387139
3.730000 -0.002767 -0.021606 -0.002767 -0.002050 0.001366 1.256910 0.261884 0.995026
3.740000 0.011334 0.067770 0.011334 -0.002084 0.001486 0.775797 0.256666 0.519132
3.750000 0.016228 0.247805 0.016228 -0.002102 0.001553 0.690653 0.257822 0.432831
3.760000 0.011380 0.077261 0.011380 -0.002106 0.001572 0.759869 0.253960 0.505909
3.770000 0.025789 0.094585 0.025789 -0.002093 0.001535 1.069482 0.258335 0.811147
3.780000 0.019653 0.177204 0.019653 -0.002061 0.001434 0.948154 0.260807 0.687347
3.790000 0.042677 0.108615 0.042677 -0.002006 0.001247 1.120758 0.266031 0.854727
3.800000 -0.011673 0.069675 -0.011673 -0.001943 0.001040 0.987577 0.263648 0.723929
3.810000 0.003753 -0.016102 0.003753 -0.001891 0.000875 0.790534 0.256236 0.534298
3.820000 0.013140 -0.060384 0.013140 -0.001838 0.000709 0.739136 0.255168 0.483968
3.830000 -0.000441 -0.059165 -0.000441 -0.001785 0.000546 0.808231 0.264490 0.543741
3.840000 0.001163 -0.026571 0.001163 -0.001738 0.000408 0.786241 0.258689 0.527553
3.850000 0.010605 -0.219740 0.010605 -0.001690 0.000271 1.130154 0.258083 0.872070
3.860000 -0.013696 0.127365 -0.013696 -0.001650 0.000161 0.595049 0.254389 0.340660
3.870000 -0.016754 -0.082422 -0.016754 -0.001628 0.000119 0.843141 0.260146 0.582994
3.880000 -0.002451 0.195107 -0.002451 -0.001617 0.000119 0.982369 0.261459 0.720910
3.890000 -0.019887 0.208364 -0.019887 -0.001617 0.000162 0.923867 0.257468 0.666399
3.900000 -0.003548 -0.009404 -0.003548 -0.001628 0.000245 0.600829 0.253071 0.347758
3.910000 0.041567 0.039431 0.041567 -0.001620 0.000258 0.837443 0.258600 0.578843
3.920000 0.035614 0.281360 0.035614 -0.001578 0.000148 1.347611 0.276337 1.071274
3.930000 -0.024255 -0.120858 -0.024255 -0.001537 0.000039 0.779386 0.259075 0.520311
3.940000 0.000728 0.047135 0.000728 -0.001511 -0.000014 0.810414 0.254936 0.555478
3.950000 0.018388 -0.215805 0.018388 -0.001479 -0.000089 1.002060 0.262434 0.739626
3.960000 -0.020150 -0.150401 -0.020150 -0.001452 -0.000146 0.822429 0.263088 0.559341
3.970000 0.006101 -0.048389 0.006101 -0.001433 -0.000169 0.953342 0.262090 0.691252
3.980000 -0.023629 0.018736 -0.023629 -0.001425 -0.000156 0.713319 0.255104 0.458216
3.990000 -0.007938 0.096438 -0.007938 -0.001432 -0.000088 0.715078 0.255390 0.459688
4.000000 0.003804 0.117351 0.003804 -0.001440 -0.000016 0.734331 0.258896 0.475435
4.010000 0.025606 0.057976 0.025606 -0.001433 0.000002 0.743552 0.253892 0.489660
4.020000 -0.007044 -0.157499 -0.007044 -0.001419 -0.000006 0.899365 0.256631 0.642734
4.030000 -0.000124 0.004854 -0.000124 -0.001410 0.000003 0.623879 0.256272 0.367607
4.040000 0.015748 0.156682 0.015748 -0.001395 -0.000011 1.147691 0.263097 0.884594
4.050000 -0.014323 -0.057494 -0.014323 -0.001381 -0.000020 0.712578 0.259002 0.453576
4.060000 0.012646 -0.044788 0.012646 -0.001370 -0.000021 0.871534 0.255492 0.616042
4.070000 -0.012601 0.123691 -0.012601 -0.001359 -0.000017 0.796057 0.256184 0.539873
4.080000 0.005729 0.086145 0.005729 -0.001353 0.000003 0.841235 0.256822 0.584413
4.090000 -0.030911 0.143445 -0.030911 -0.001359 0.000068 1.020712 0.265910 0.754802
4.100000 -0.023749 0.189237 -0.023749 -0.001389 0.000222 1.021649 0.266592 0.755057
4.110000 -0.020645 -0.279119 -0.020645 -0.001435 0.000439 0.885898 0.259883 0.626015
4.120000 0.017765 0.063655 0.017765 -0.001477 0.000641 0.936118 0.260005 0.676113
4.130000 0.049906 0.339228 0.049906 -0.001484 0.000715 0.858512 0.259744 0.598768
4.140000 0.020349 0.031702 0.020349 -0.001459 0.000672 0.724785 0.254420 0.470365
4.150000 0.007221 -0.045600 0.007221 -0.001425 0.000597 0.768582 0.256720 0.511862
4.160000 0.013027 -0.035747 0.013027 -0.001386 0.000506 0.827448 0.254662 0.572786
4.170000 0.007663 0.068797 0.007663 -0.001342 0.000398 0.709032 0.259314 0.449718
4.180000 -0.022714 0.181936 -0.022714 -0.001310 0.000337 1.185058 0.260460 0.924598
4.190000 -0.019171 -0.080469 -0.019171 -0.001300 0.000361 0.751890 0.256403 0.495487
4.200000 0.050957 0.390964 0.050957 -0.001277 0.000334 0.793033 0.258569 0.534465
4.210000 -0.017939 0.143932 -0.017939 -0.001242 0.000267 1.024708 0.258701 0.766007
4.220000 0.025893 0.239137 0.025893 -0.001208 0.000200 0.919405 0.276517 0.642888
4.230000 0.036605 -0.308329 0.036605 -0.001149 0.000044 0.971084 0.263175 0.707909
4.240000 -0.006027 -0.163876 -0.006027 -0.001084 -0.000137 0.576364 0.256574 0.319790
4.250000 -0.010337 0.070121 -0.010337 -0.001033 -0.000263 0.669177 0.253598 0.415578
4.260000 -0.000406 -0.057598 -0.000406 -0.000993 -0.000351 0.784371 0.259019 0.525352
4.270000 -0.016918 -0.194200 -0.016918 -0.000965 -0.000395 0.926116 0.267871 0.658245
4.280000 -0.012494 -0.055418 -0.012494 -0.000953 -0.000379 1.022479 0.259907 0.762572
4.290000 0.008627 -0.192405 0.008627 -0.000944 -0.000354 0.932061 0.261139 0.670922
4.300000 0.010504 0.212805 0.010504 -0.000928 -0.000360 0.860873 0.258850 0.602023
4.310000 0.046747 0.335397 0.046747 -0.000887 -0.000456 0.749115 0.257190 0.491925
4.320000 0.020808 -0.234036 0.020808 -0.000821 -0.000649 1.152897 0.265173 0.887725
4.330000 0.016213 0.016348 0.016213 -0.000746 -0.000878 0.735046 0.258133 0.476913
4.340000 0.007283 -0.052402 0.007283 -0.000669 -0.001119 0.983194 0.262736 0.720457
4.350000 -0.001022 0.043490 -0.001022 -0.000598 -0.001342 0.696974 0.257375 0.439599
4.360000 -0.004019 -0.066248 -0.004019 -0.000537 -0.001532 0.761154 0.255497 0.505657
4.370000 -0.007849 -0.148195 -0.007849 -0.000488 -0.001683 0.793607 0.261133 0.532474
4.380000 -0.008022 0.347349 -0.008022 -0.000451 -0.001793 0.819012 0.258070 0.560943
4.390000 -0.030998 0.103286 -0.030998 -0.000435 -0.001830 0.975749 0.259811 0.715939
4.400000 0.015458 0.001822 0.015458 -0.000428 -0.001844 0.805863 0.258254 0.547609
4.410000 -0.043961 -0.132635 -0.043961 -0.000434 -0.001813 0.685944 0.257569 0.428376
4.420000 -0.025952 0.054950 -0.025952 -0.000470 -0.001677 0.787210 0.260812 0.526398
4.430000 -0.032700 0.116224 -0.032700 -0.000528 -0.001465 0.712235 0.255235 0.456999
4.440000 -0.027429 -0.381673 -0.027429 -0.000606 -0.001183 1.009775 0.253238 0.756536
4.450000 0.022283 -0.019877 0.022283 -0.000677 -0.000932 0.813924 0.261358 0.552566
4.460000 -0.024292 -0.151985 -0.024292 -0.000741 -0.000711 0.907460 0.259048 0.648413
4.470000 0.016055 0.340086 0.016055 -0.000801 -0.000507 1.364692 0.259965 1.104727
4.480000 -0.006603 -0.094435 -0.006603 -0.000850 -0.000345 0.954871 0.260949 0.693922
4.490000 0.017305 -0.010345 0.017305 -0.000889 -0.000225 0.559491 0.252288 0.307203
4.500000 -0.019205 -0.073123 -0.019205 -0.000924 -0.000117 0.649028 0.252898 0.396130
4.510000 -0.015724 0.222257 -0.015724 -0.000971 0.000033 0.830447 0.256729 0.573718
4.520000 0.055257 0.368680 0.055257 -0.000994 0.000096 0.879738 0.261394 0.618345
4.530000 -0.009980 0.166527 -0.009980 -0.000996 0.000075 1.071137 0.260754 0.810383
4.540000 0.003391 0.144790 0.003391 -0.001000 0.000065 0.975442 0.258488 0.716954
4.550000 -0.025004 0.055688 -0.025004 -0.001013 0.000091 0.788138 0.255469 0.532669
4.560000 -0.002604 -0.334606 -0.002604 -0.001037 0.000157 0.909333 0.261740 0.647593
4.570000 -0.007283 0.184065 -0.007283 -0.001063 0.000230 0.744938 0.257295 0.487643
4.580000 -0.016929 -0.165314 -0.016929 -0.001096 0.000333 1.025512 0.263588 0.761924
4.590000 -0.001913 0.225873 -0.001913 -0.001135 0.000455 0.877602 0.256878 0.620724
4.600000 -0.025561 0.054685 -0.025561 -0.001181 0.000609 0.697695 0.255319 0.442376
4.610000 0.010420 -0.020619 0.010420 -0.001229 0.000771 0.698265 0.252322 0.445943
4.620000 0.015725 0.259314 0.015725 -0.001259 0.000872 0.720863 0.259041 0.461821
4.630000 -0.019682 0.075260 -0.019682 -0.001289 0.000971 0.960809 0.255477 0.705332
4.640000 0.020066 -0.052299 0.020066 -0.001315 0.001060 0.921142 0.265037 0.656105
4.650000 -0.001557 0.288161 -0.001557 -0.001330 0.001112 0.902440 0.264885 0.637555
4.660000 0.017383 0.233282 0.017383 -0.001336 0.001136 0.996680 0.258785 0.737895
4.670000 0.004979 0.076124 0.004979 -0.001332 0.001125 0.880558 0.258180 0.622379
4.680000 -0.000500 -0.134191 -0.000500 -0.001327 0.001113 0.612105 0.255785 0.356320
4.690000 0.003550 -0.158483 0.003550 -0.001321 0.001103 1.057738 0.259440 0.798298
4.700000 0.017651 -0.233369 0.017651 -0.001306 0.001065 0.968538 0.258857 0.709680
4.710000 0.020664 -0.164032 0.020664 -0.001276 0.000973 0.646323 0.256808 0.389515
4.720000 -0.034087 -0.154095 -0.034087 -0.001256 0.000922 0.819157 0.256393 0.562764
4.730000 0.014177 -0.025703 0.014177 -0.001247 0.000915 0.802442 0.256896 0.545545
4.740000 0.019648 -0.103232 0.019648 -0.001224 0.000860 0.764593 0.258840 0.505753
4.750000 0.030911 0.254221 0.030911 -0.001181 0.000733 0.870868 0.258091 0.612777
4.760000 -0.010686 0.010822 -0.010686 -0.001135 0.000594 0.722964 0.255685 0.467279
4.770000 -0.019457 0.178188 -0.019457 -0.001107 0.000529 0.915021 0.259380 0.655641
4.780000 0.002460 0.157185 0.002460 -0.001090 0.000505 1.219515 0.256717 0.962798
4.790000 -0.014266 0.096976 -0.014266 -0.001080 0.000511 0.705863 0.255557 0.450305
4.800000 0.013284 0.171079 0.013284 -0.001072 0.000524 0.862398 0.260598 0.601799
4.810000 0.048862 0.213774 0.048862 -0.001036 0.000438 0.855254 0.259356 0.595898
4.820000 -0.032568 0.309758 -0.032568 -0.000998 0.000344 1.011426 0.256808 0.754618
4.830000 0.016595 0.019561 0.016595 -0.000972 0.000293 1.067249 0.258443 0.808806
4.840000 0.008689 -0.014329 0.008689 -0.000937 0.000212 0.643905 0.254263 0.389643
4.850000 0.005992 0.166283 0.005992 -0.000899 0.000122 0.745819 0.258786 0.487033
4.860000 -0.002888 -0.054576 -0.002888 -0.000865 0.000044 0.918908 0.255871 0.663036
4.870000 0.004542 -0.039470 0.004542 -0.000833 -0.000022 1.017826 0.261565 0.756261
4.880000 -0.017311 0.069202 -0.017311 -0.000811 -0.000053 0.873176 0.256163 0.617012
4.890000 -0.023221 0.059639 -0.023221 -0.000810 -0.000007 0.963618 0.259696 0.703922
4.900000 0.017845 0.267677 0.017845 -0.000810 0.000047 0.982174 0.259920 0.722254
4.910000 -0.018909 0.008403 -0.018909 -0.000812 0.000104 1.188358 0.260550 0.927808
4.920000 0.028880 -0.144418 0.028880 -0.000808 0.000143 0.631311 0.257532 0.373779
4.930000 -0.002902 0.050486 -0.002902 -0.000794 0.000141 0.843334 0.256446 0.586887
4.940000 -0.030698 0.105515 -0.030698 -0.000796 0.000203 0.835282 0.258341 0.576942
4.950000 0.015476 -0.043300 0.015476 -0.000805 0.000289 0.648642 0.256152 0.392490
4.960000 0.003408 0.037575 0.003408 -0.000804 0.000341 1.005815 0.260099 0.745716
4.970000 0.014605 0.214812 0.014605 -0.000795 0.000365 0.949662 0.258265 0.691397
4.980000 -0.019409 0.194329 -0.019409 -0.000790 0.000403 0.566447 0.256834 0.309612
4.990000 0.027835 0.021350 0.027835 -0.000781 0.000429 0.848221 0.256492 0.591730
5.000000 0.003018 0.134970 0.003018 -0.000760 0.000410 1.034417 0.256102 0.778315
5.010000 0.015783 -0.261408 0.015783 -0.000733 0.000370 1.121517 0.255323 0.866193
5.020000 0.004436 0.196595 0.004436 -0.000700 0.000310 0.783759 0.258393 0.525366
5.030000 -0.008109 -0.112662 -0.008109 -0.000673 0.000272 0.571006 0.252377 0.318629
5.040000 0.005150 0.377407 0.005150 -0.000650 0.000250 1.268819 0.264220 1.004599
5.050000 0.003104 0.009404 0.003104 -0.000625 0.000226 0.734487 0.254288 0.480199
5.060000 0.012014 0.255453 0.012014 -0.000597 0.000188 0.939399 0.256540 0.682858
5.070000 0.045647 -0.060065 0.045647 -0.000546 0.000065 1.082562 0.265204 0.817358
5.080000 -0.008657 0.053153 -0.008657 -0.000485 -0.000097 1.045638 0.260282 0.785355
5.090000 0.033081 0.280368 0.033081 -0.000420 -0.000274 0.804569 0.256997 0.547572
5.100000 0.008259 -0.085595 0.008259 -0.000343 -0.000494 0.954739 0.255770 0.698969
5.110000 -0.014337 -0.173768 -0.014337 -0.000278 -0.000673 1.128448 0.267993 0.860455
5.120000 -0.020327 0.270623 -0.020327 -0.000236 -0.000769 0.983696 0.254420 0.729276
5.130000 -0.014004 -0.027453 -0.014004 -0.000214 -0.000793 0.878640 0.255761 0.622878
5.140000 -0.029571 -0.006911 -0.029571 -0.000213 -0.000738 0.840906 0.255503 0.585403
5.150000 -0.015531 0.127905 -0.015531 -0.000232 -0.000611 0.871136 0.260128 0.611007
5.160000 0.003899 0.255711 0.003899 -0.000254 -0.000477 0.688912 0.258443 0.430469
5.170000 0.001102 -0.111967 0.001102 -0.000272 -0.000362 0.954319 0.263097 0.691222
5.180000 -0.020226 0.173121 -0.020226 -0.000296 -0.000223 0.936932 0.257778 0.679154
5.190000 0.013263 0.288658 0.013263 -0.000320 -0.000085 1.196120 0.260612 0.935508
5.200000 -0.007988 -0.007197 -0.007988 -0.000339 0.000035 0.616754 0.256044 0.360711
5.210000 0.006772 0.140262 0.006772 -0.000357 0.000148 0.982315 0.255598 0.726717
5.220000 0.010094 0.289668 0.010094 -0.000365 0.000226 0.819818 0.260023 0.559794
5.230000 0.015929 0.260510 0.015929 -0.000360 0.000259 0.735440 0.253582 0.481858
5.240000 0.028381 0.281083 0.028381 -0.000336 0.000220 0.979669 0.256222 0.723447
5.250000 0.005042 -0.051540 0.005042 -0.000301 0.000136 0.566137 0.252320 0.313817
5.260000 -0.010228 0.251071 -0.010228 -0.000271 0.000078 1.009235 0.254527 0.754708
5.270000 0.005069 -0.111557 0.005069 -0.000248 0.000041 0.850055 0.255215 0.594840
5.280000 0.038818 -0.165805 0.038818 -0.000207 -0.000061 1.018405 0.264451 0.753954
5.290000 -0.008704 -0.086439 -0.008704 -0.000157 -0.000194 0.736703 0.253420 0.483283
5.300000 0.000833 0.095595 0.000833 -0.000117 -0.000295 1.134032 0.260034 0.873998
5.310000 -0.003426 0.056968 -0.003426 -0.000082 -0.000375 0.966074 0.259988 0.706086
5.320000 -0.008292 0.032953 -0.008292 -0.000057 -0.000422 0.917792 0.252719 0.665073
5.330000 0.018668 -0.018179 0.018668 -0.000029 -0.000479 0.957896 0.259005 0.698890
5.340000 -0.026280 -0.102298 -0.026280 -0.000008 -0.000512 0.587986 0.262702 0.325284
5.350000 0.007071 0.053147 0.007071 0.000002 -0.000508 0.842679 0.257797 0.584882
5.360000 -0.017113 0.045584 -0.017113 0.000007 -0.000483 0.738156 0.253088 0.485068
5.370000 0.020227 -0.186088 0.020227 0.000012 -0.000465 0.758231 0.257777 0.500454
5.380000 -0.012145 0.017515 -0.012145 0.000021 -0.000460 0.965386 0.259822 0.705564
5.390000 0.018091 0.042721 0.018091 0.000031 -0.000463 0.581989 0.255530 0.326459
5.400000 -0.036162 0.072975 -0.036162 0.000032 -0.000432 1.057607 0.257976 0.799631
5.410000 0.047973 0.290250 0.047973 0.000039 -0.000425 0.896968 0.257913 0.639054
5.420000 0.018367 0.160563 0.018367 0.000075 -0.000527 1.335315 0.265873 1.069442
5.430000 -0.011180 -0.217144 -0.011180 0.000109 -0.000627 0.965505 0.262522 0.702984
5.440000 -0.010996 -0.190855 -0.010996 0.000130 -0.000678 0.970974 0.260199 0.710775
5.450000 0.028084 0.009869 0.028084 0.000156 -0.000753 0.875651 0.255008 0.620643
5.460000 -0.018216 -0.217721 -0.018216 0.000184 -0.000834 0.789823 0.254236 0.535586
5.470000 -0.019934 0.202517 -0.019934 0.000192 -0.000844 0.951657 0.258892 0.692765
5.480000 -0.020516 -0.002863 -0.020516 0.000181 -0.000787 0.645442 0.254591 0.390851
5.490000 -0.029088 0.116455 -0.029088 0.000149 -0.000655 0.710508 0.255567 0.454941
5.500000 -0.012422 0.005918 -0.012422 0.000103 -0.000471 0.946058 0.257168 0.688890
5.510000 0.019382 0.339371 0.019382 0.000065 -0.000321 0.950074 0.258766 0.691308
5.520000 0.010935 -0.048707 0.010935 0.000045 -0.000238 0.701694 0.255832 0.445862
5.530000 0.001328 0.093913 0.001328 0.000032 -0.000185 0.931252 0.262582 0.668670
5.540000 -0.008690 0.059970 -0.008690 0.000018 -0.000125 1.045050 0.259924 0.785127
5.550000 -0.033613 0.184456 -0.033613 -0.000014 -0.000001 1.190108 0.260826 0.929282
5.560000 0.002277 -0.001494 0.002277 -0.000056 0.000161 0.988633 0.261360 0.727272
5.570000 0.013632 -0.189409 0.013632 -0.000085 0.000280 0.915477 0.252872 0.662606
5.580000 -0.000629 0.232605 -0.000629 -0.000106 0.000365 0.740234 0.252708 0.487526
5.590000 -0.003801 0.034946 -0.003801 -0.000127 0.000451 0.760879 0.252162 0.508718
5.600000 0.001243 0.278652 0.001243 -0.000147 0.000534 1.296364 0.261776 1.034588
5.610000 0.013049 0.037614 0.013049 -0.000157 0.000587 1.580060 0.268167 1.311893
5.620000 -0.024567 -0.171394 -0.024567 -0.000173 0.000658 0.468600 0.253210 0.215391
5.630000 0.028795 0.209225 0.028795 -0.000184 0.000717 0.691929 0.255102 0.436826
5.640000 -0.007729 0.140566 -0.007729 -0.000185 0.000740 0.705590 0.256378 0.449213
5.650000 -0.022525 -0.166175 -0.022525 -0.000200 0.000817 0.844414 0.257562 0.586852
5.660000 0.035317 -0.137523 0.035317 -0.000207 0.000868 0.708379 0.265089 0.443290
5.670000 0.002863 0.159050 0.002863 -0.000196 0.000857 0.798236 0.252957 0.545279
5.680000 -0.005358 0.016649 -0.005358 -0.000188 0.000859 0.666827 0.256163 0.410663
5.690000 0.028325 -0.086191 0.028325 -0.000171 0.000828 0.812738 0.262316 0.550422
5.700000 -0.000843 0.380870 -0.000843 -0.000144 0.000763 0.809015 0.255936 0.553079
5.710000 0.036052 -0.063417 0.036052 -0.000104 0.000653 0.974875 0.258838 0.716037
5.720000 -0.004485 0.173555 -0.004485 -0.000054 0.000512 1.285528 0.262277 1.023251
5.730000 -0.001959 0.158972 -0.001959 -0.000014 0.000404 1.287120 0.261291 1.025829
5.740000 0.015694 -0.061029 0.015694 0.000028 0.000291 1.092035 0.264993 0.827042
5.750000 -0.005266 0.192375 -0.005266 0.000070 0.000181 0.798282 0.253580 0.544702
5.760000 0.001576 -0.043824 0.001576 0.000106 0.000095 0.679745 0.256587 0.423159
5.770000 0.005439 0.042749 0.005439 0.000141 0.000013 0.955137 0.269543 0.685595
5.780000 -0.013552 0.010585 -0.013552 0.000168 -0.000041 1.014373 0.269043 0.745330
5.790000 -0.011956 -0.175446 -0.011956 0.000181 -0.000040 0.732459 0.252759 0.479700
5.800000 -0.010318 0.170141 -0.010318 0.000182 0.000003 0.959092 0.263812 0.695280
5.810000 -0.019299 0.177006 -0.019299 0.000170 0.000096 0.867303 0.261720 0.605582
5.820000 0.030394 0.205191 0.030394 0.000165 0.000164 0.728312 0.255085 0.473227
5.830000 -0.004694 -0.005587 -0.004694 0.000171 0.000189 0.849782 0.255484 0.594298
5.840000 -0.003814 0.051507 -0.003814 0.000173 0.000231 0.755349 0.260211 0.495138
5.850000 0.011896 0.150920 0.011896 0.000178 0.000262 1.055791 0.257798 0.797993
5.860000 0.053800 0.297926 0.053800 0.000213 0.000184 0.764509 0.259469 0.505040
5.870000 -0.008687 0.137695 -0.008687 0.000262 0.000049 1.045833 0.258081 0.787752
5.880000 -0.014113 0.046954 -0.014113 0.000297 -0.000026 0.855686 0.259019 0.596667
5.890000 -0.020237 0.137495 -0.020237 0.000311 -0.000030 0.700229 0.254355 0.445874
5.900000 0.037783 0.261995 0.037783 0.000333 -0.000059 0.895574 0.257183 0.638391
5.910000 0.002731 0.028427 0.002731 0.000370 -0.000146 0.674040 0.254537 0.419503
5.920000 -0.016186 0.068151 -0.016186 0.000397 -0.000194 0.995343 0.258530 0.736813
5.930000 0.011776 0.136168 0.011776 0.000418 -0.000226 0.573154 0.254516 0.318638
5.940000 -0.021267 0.125664 -0.021267 0.000433 -0.000232 0.802550 0.257198 0.545352
5.950000 0.007688 0.123948 0.007688 0.000441 -0.000212 0.801017 0.254811 0.546206
5.960000 0.006825 0.226826 0.006825 0.000454 -0.000213 0.853887 0.252760 0.601128
5.970000 -0.000512 -0.020400 -0.000512 0.000469 -0.000220 0.747351 0.252235 0.495116
5.980000 0.001426 0.247467 0.001426 0.000482 -0.000223 0.846485 0.256122 0.590363
5.990000 0.007627 -0.023251 0.007627 0.000498 -0.000237 1.024020 0.256467 0.767553
6.000000 -0.018478 0.002708 -0.018478 0.000507 -0.000227 1.046958 0.268113 0.778846
6.010000 -0.020434 0.068601 -0.020434 0.000498 -0.000148 0.880374 0.254278 0.626096
6.020000 0.021807 -0.034477 0.021807 0.000491 -0.000078 0.959583 0.261132 0.698450
6.030000 -0.008153 -0.111060 -0.008153 0.000490 -0.000033 0.979618 0.263515 0.716103
6.040000 -0.002755 0.142437 -0.002755 0.000485 0.000030 1.033885 0.262312 0.771573
6.050000 0.041111 0.036714 0.041111 0.000498 0.000025 0.907228 0.259680 0.647548
6.060000 0.019976 0.125416 0.019976 0.000536 -0.000075 0.810589 0.259576 0.551013
6.070000 -0.015679 -0.064715 -0.015679 0.000571 -0.000166 0.724084 0.257045 0.467040
6.080000 -0.021511 0.018996 -0.021511 0.000586 -0.000180 0.887145 0.263209 0.623936
6.090000 -0.009544 0.030725 -0.009544 0.000586 -0.000137 0.671890 0.254998 0.416893
6.100000 0.021327 -0.082623 0.021327 0.000591 -0.000115 1.016148 0.253846 0.762302
6.110000 0.023625 -0.077943 0.023625 0.000616 -0.000167 0.930357 0.255154 0.675203
6.120000 0.041135 0.039796 0.041135 0.000667 -0.000318 1.027879 0.259148 0.768731
6.130000 0.011345 -0.036845 0.011345 0.000735 -0.000535 0.839502 0.255609 0.583893
6.140000 -0.056924 -0.154352 -0.056924 0.000775 -0.000647 0.566873 0.253355 0.313518
6.150000 -0.015876 -0.020830 -0.015876 0.000778 -0.000625 0.669004 0.253407 0.415597
6.160000 -0.004608 0.107422 -0.004608 0.000773 -0.000571 0.930584 0.263219 0.667364
6.170000 0.004597 0.118507 0.004597 0.000767 -0.000522 1.103705 0.266497 0.837209
6.180000 -0.027493 -0.063197 -0.027493 0.000753 -0.000438 0.766490 0.253201 0.513290
6.190000 0.007742 0.139664 0.007742 0.000731 -0.000330 0.883402 0.259179 0.624223
6.200000 -0.020864 0.074851 -0.020864 0.000706 -0.000210 1.146860 0.266458 0.880402
6.210000 0.002966 0.048900 0.002966 0.000676 -0.000073 0.713100 0.258299 0.454801
6.220000 0.026886 0.018244 0.026886 0.000663 0.000001 0.930523 0.256804 0.673719
6.230000 -0.006969 0.144691 -0.006969 0.000659 0.000038 0.636401 0.254500 0.381901
6.240000 -0.016407 0.158971 -0.016407 0.000646 0.000112 1.036621 0.268216 0.768405
6.250000 -0.026707 0.165039 -0.026707 0.000615 0.000254 0.716604 0.254506 0.462098
6.260000 0.028265 -0.049135 0.028265 0.000589 0.000379 0.999589 0.254881 0.744709
6.270000 0.013820 0.023897 0.013820 0.000584 0.000424 1.033676 0.271609 0.762067
6.280000 -0.006903 -0.151540 -0.006903 0.000582 0.000459 0.584861 0.251474 0.333387
6.290000 0.006151 -0.108742 0.006151 0.000580 0.000496 0.708913 0.260483 0.448429
6.300000 -0.026105 -0.028736 -0.026105 0.000570 0.000569 0.863073 0.261136 0.601937
6.310000 -0.000996 0.003971 -0.000996 0.000548 0.000684 0.915820 0.260338 0.655482
6.320000 0.017602 0.142072 0.017602 0.000537 0.000764 0.813919 0.261997 0.551922
6.330000 0.028327 -0.006041 0.028327 0.000547 0.000766 0.795605 0.254704 0.540901
6.340000 -0.020985 0.085269 -0.020985 0.000559 0.000765 0.786835 0.264396 0.522440
6.350000 0.034276 0.070045 0.034276 0.000575 0.000748 1.241001 0.271825 0.969176
6.360000 0.000536 0.058847 0.000536 0.000605 0.000684 0.879087 0.257454 0.621633
6.370000 0.001919 -0.166746 0.001919 0.000632 0.000631 0.603551 0.256908 0.346644
6.380000 -0.013295 0.086426 -0.013295 0.000652 0.000613 1.145336 0.261471 0.883865
6.390000 0.004019 -0.053279 0.004019 0.000664 0.000620 0.639456 0.255149 0.384307
6.400000 -0.008094 -0.080514 -0.008094 0.000674 0.000642 0.724408 0.257022 0.467386
6.410000 -0.014969 0.137949 -0.014969 0.000672 0.000710 0.877100 0.259826 0.617275
6.420000 0.019537 -0.082383 0.019537 0.000672 0.000771 1.338919 0.265803 1.073116
6.430000 -0.013315 0.085053 -0.013315 0.000675 0.000826 0.712431 0.256609 0.455821
6.440000 0.003245 -0.013595 0.003245 0.000673 0.000902 0.911408 0.260372 0.651036
6.450000 0.013333 0.010045 0.013333 0.000678 0.000953 0.818180 0.256004 0.562176
6.460000 0.003678 -0.061073 0.003678 0.000691 0.000983 0.864606 0.256826 0.607780
6.470000 0.008280 0.062434 0.008280 0.000707 0.001001 0.789220 0.260168 0.529052
6.480000 0.020435 0.307815 0.020435 0.000734 0.000983 0.815892 0.264922 0.550970
6.490000 -0.000300 0.139323 -0.000300 0.000766 0.000947 0.963377 0.259481 0.703896
6.500000 0.000771 -0.251325 0.000771 0.000795 0.000928 0.769258 0.265326 0.503931
6.510000 0.033941 -0.075634 0.033941 0.000836 0.000866 1.107165 0.265334 0.841831
6.520000 0.002992 -0.145265 0.002992 0.000889 0.000765 0.794921 0.254819 0.540102
6.530000 0.015179 -0.008896 0.015179 0.000944 0.000659 0.860495 0.267807 0.592688
6.540000 0.033519 0.213362 0.033519 0.001014 0.000496 0.666329 0.258688 0.407641
6.550000 0.000863 0.057291 0.000863 0.001091 0.000310 0.980736 0.266576 0.714160
6.560000 0.015164 0.046531 0.015164 0.001167 0.000129 0.731777 0.268371 0.463406
6.570000 -0.011330 0.154880 -0.011330 0.001236 -0.000024 0.488670 0.255809 0.232861
6.580000 -0.001981 0.120785 -0.001981 0.001291 -0.000126 0.612213 0.256424 0.355789
6.590000 0.039557 0.327256 0.039557 0.001357 -0.000269 0.963444 0.256998 0.706446
6.600000 -0.005743 0.048556 -0.005743 0.001431 -0.000441 0.852265 0.258110 0.594155
6.610000 0.005901 0.126266 0.005901 0.001496 -0.000584 0.692875 0.257773 0.435103
6.620000 -0.015139 -0.050423 -0.015139 0.001550 -0.000686 0.865654 0.258591 0.607063
6.630000 -0.014825 0.193288 -0.014825 0.001584 -0.000719 0.870253 0.256640 0.613613
6.640000 0.033343 0.031844 0.033343 0.001624 -0.000772 0.685878 0.257149 0.428729
6.650000 -0.027969 0.015819 -0.027969 0.001661 -0.000819 1.108019 0.264425 0.843594
6.660000 0.021423 0.166322 0.021423 0.001691 -0.000845 1.101974 0.258340 0.843634
6.670000 -0.024155 0.175123 -0.024155 0.001717 -0.000855 0.887611 0.257476 0.630134
6.680000 0.003633 0.087509 0.003633 0.001730 -0.000825 0.935275 0.259386 0.675889
6.690000 0.014511 0.353572 0.014511 0.001751 -0.000823 1.039012 0.267159 0.771853
6.700000 -0.018535 -0.093383 -0.018535 0.001767 -0.000808 0.545933 0.256721 0.289211
6.710000 -0.033595 -0.076036 -0.033595 0.001759 -0.000702 0.728182 0.254679 0.473503
6.720000 0.018965 0.027788 0.018965 0.001745 -0.000580 0.632154 0.253366 0.378788
6.730000 -0.027967 0.095200 -0.027967 0.001729 -0.000450 0.662644 0.260953 0.401690
6.740000 0.001340 0.012007 0.001340 0.001703 -0.000285 0.694511 0.254817 0.439694
6.750000 0.007028 0.069029 0.007028 0.001683 -0.000147 1.159526 0.263873 0.895653
6.760000 -0.013581 0.136856 -0.013581 0.001663 -0.000006 0.812712 0.261192 0.551521
6.770000 0.029452 0.071196 0.029452 0.001653 0.000099 0.899588 0.264713 0.634876
6.780000 0.023000 0.086333 0.023000 0.001667 0.000113 0.826437 0.260859 0.565578
6.790000 0.011257 -0.034595 0.011257 0.001694 0.000076 0.773751 0.257969 0.515782
6.800000 -0.002180 0.196345 -0.002180 0.001722 0.000036 1.063199 0.265854 0.797346
6.810000 0.022220 0.084280 0.022220 0.001756 -0.000026 0.914246 0.257459 0.656787
6.820000 -0.002127 0.007671 -0.002127 0.001796 -0.000106 0.879460 0.261048 0.618413
6.830000 -0.002877 -0.077994 -0.002877 0.001828 -0.000162 0.763362 0.255791 0.507571
6.840000 0.003201 -0.031561 0.003201 0.001857 -0.000206 0.743077 0.258096 0.484981
6.850000 -0.022583 0.097638 -0.022583 0.001874 -0.000204 1.144243 0.262884 0.881360
6.860000 -0.006218 -0.158303 -0.006218 0.001877 -0.000150 0.624099 0.256636 0.367463
6.870000 0.019432 -0.210833 0.019432 0.001885 -0.000117 0.818960 0.256776 0.562184
6.880000 0.027265 0.061791 0.027265 0.001913 -0.000160 0.939100 0.257864 0.681236
6.890000 0.007499 -0.129633 0.007499 0.001953 -0.000249 0.818514 0.260345 0.558169
6.900000 -0.014153 -0.194054 -0.014153 0.001986 -0.000310 0.930593 0.268178 0.662415
6.910000 -0.014108 -0.055238 -0.014108 0.002003 -0.000312 1.018000 0.261370 0.756630
6.920000 0.010929 -0.216220 0.010929 0.002016 -0.000303 0.984399 0.263709 0.720690
6.930000 -0.012202 -0.238839 -0.012202 0.002027 -0.000288 0.711055 0.258201 0.452854
6.940000 -0.009018 0.151923 -0.009018 0.002028 -0.000233 0.842790 0.261605 0.581185
6.950000 0.018073 0.042705 0.018073 0.002033 -0.000195 0.970595 0.262195 0.708400
6.960000 -0.030878 0.171793 -0.030878 0.002031 -0.000133 0.769289 0.259785 0.509504
6.970000 0.009610 -0.046445 0.009610 0.002020 -0.000038 0.908592 0.258958 0.649634
6.980000 0.022215 -0.037019 0.022215 0.002025 -0.000001 0.683934 0.252484 0.431450
6.990000 -0.023672 0.149381 -0.023672 0.002028 0.000041 1.014558 0.264752 0.749806
