0.000000 0.977602 0.977602 nan 0.000443 3.143255 585.475525 nan nan
0.010000 0.977380 0.977380 nan 0.001706 3.147981 580.191956 nan nan
0.020000 0.977507 0.977507 nan 0.003694 3.155406 574.854736 nan nan
0.030000 0.977280 0.977280 nan 0.006326 3.165191 569.210632 nan nan
0.040000 0.977269 0.977269 nan 0.009527 3.177022 563.805237 nan nan
0.050000 0.977538 0.977538 nan 0.013231 3.190609 559.031006 nan nan
0.060000 0.977530 0.977530 nan 0.017379 3.205678 554.192688 nan nan
0.070000 0.978519 0.978519 nan 0.021919 3.221979 549.386292 nan nan
0.080000 0.977446 0.977446 nan 0.026805 3.239273 544.903442 nan nan
0.090000 0.946730 0.946730 nan 0.031979 3.257286 540.384888 nan nan
0.100000 0.932988 0.932988 nan 0.037386 3.275744 536.803650 nan nan
0.110000 0.934699 0.934699 nan 0.042992 3.294448 533.099365 nan nan
0.120000 0.937280 0.937280 nan 0.048774 3.313242 529.241943 nan nan
0.130000 0.946678 0.946678 nan 0.054713 3.331989 525.508545 nan nan
0.140000 0.928862 0.928862 nan 0.060785 3.350530 522.209961 nan nan
0.150000 0.930695 0.930695 nan 0.066965 3.368704 519.303040 nan nan
0.160000 0.947383 0.947383 nan 0.073246 3.386422 516.765869 nan nan
0.170000 0.931488 0.931488 nan 0.079616 3.403568 513.885742 nan nan
0.180000 0.937322 0.937322 nan 0.086057 3.420019 510.559753 nan nan
0.190000 0.931464 0.931464 nan 0.092558 3.435679 508.219513 nan nan
0.200000 0.931504 0.931504 nan 0.099110 3.450453 506.177673 nan nan
0.210000 0.933735 0.933735 nan 0.105705 3.464264 504.763824 nan nan
0.220000 0.932101 0.932101 nan 0.112338 3.477042 503.607391 nan nan
0.230000 0.932308 0.932308 nan 0.119002 3.488721 501.996216 nan nan
0.240000 0.930111 0.930111 nan 0.125692 3.499240 500.828003 nan nan
0.250000 0.930082 0.930082 nan 0.132403 3.508546 500.078979 nan nan
0.260000 0.907594 0.907594 nan 0.139122 3.516560 499.329315 nan nan
0.270000 0.942710 0.942710 nan 0.145854 3.523272 499.219757 nan nan
0.280000 0.942674 0.942674 nan 0.152611 3.528702 498.896667 nan nan
0.290000 0.942277 0.942277 nan 0.159391 3.532821 499.130646 nan nan
0.300000 0.942617 0.942617 nan 0.166190 3.535605 500.602997 nan nan
0.310000 0.942723 0.942723 nan 0.173006 3.537038 500.495239 nan nan
0.320000 0.950525 0.950525 nan 0.179841 3.537119 501.357635 nan nan
0.330000 0.951100 0.951100 nan 0.186697 3.535853 502.356842 nan nan
0.340000 0.951339 0.951339 nan 0.193571 3.533238 503.541077 nan nan
0.350000 0.951856 0.951856 nan 0.200462 3.529279 504.492798 nan nan
0.360000 0.951897 0.951897 nan 0.207368 3.523983 505.805481 nan nan
0.370000 0.951883 0.951883 nan 0.214289 3.517365 507.805023 nan nan
0.380000 0.950603 0.950603 nan 0.221223 3.509442 511.530487 nan nan
0.390000 0.939633 0.939633 nan 0.228163 3.500218 512.925903 nan nan
0.400000 0.985390 0.985390 nan 0.235125 3.489782 515.882324 nan nan
0.410000 0.984300 0.984300 nan 0.242127 3.478230 515.432983 nan nan
0.420000 -0.514710 -0.514710 nan 0.248496 3.463223 514.104370 nan nan
0.430000 -0.917304 -0.917304 nan 0.253480 3.442121 510.626129 nan nan
0.440000 -0.952054 -0.952054 nan 0.257039 3.414832 506.548309 nan nan
0.450000 -1.000000 -1.000000 nan 0.259294 3.381841 502.532043 nan nan
0.460000 -0.989174 -0.989174 nan 0.260372 3.343692 497.893829 nan nan
0.470000 -0.989166 -0.989166 nan 0.260411 3.300991 490.790375 nan nan
0.480000 -1.000000 -1.000000 nan 0.259528 3.254290 485.065094 nan nan
0.490000 -0.989050 -0.989050 nan 0.257832 3.204153 478.738983 nan nan
0.500000 -0.989007 -0.989007 nan 0.255432 3.151150 469.933990 nan nan
0.510000 -0.989069 -0.989069 nan 0.252420 3.095818 462.528809 nan nan
0.520000 -0.988125 -0.988125 nan 0.248881 3.038684 456.004974 nan nan
0.530000 -0.983412 -0.983412 nan 0.244896 2.980261 448.084229 nan nan
0.540000 -0.988162 -0.988162 nan 0.240532 2.921031 441.078705 nan nan
0.550000 -1.000000 -1.000000 nan 0.235845 2.861420 435.609619 nan nan
0.560000 -0.996775 -0.996775 nan 0.230884 2.801840 428.214874 nan nan
0.570000 -0.990747 -0.990747 nan 0.225701 2.742700 421.765717 nan nan
0.580000 -0.988003 -0.988003 nan 0.220339 2.684369 416.094574 nan nan
0.590000 -0.982691 -0.982691 nan 0.214834 2.627179 409.337372 nan nan
0.600000 -0.978274 -0.978274 nan 0.209214 2.571425 403.786011 nan nan
0.610000 -0.961919 -0.961919 nan 0.203509 2.517385 399.142853 nan nan
0.620000 -0.976026 -0.976026 nan 0.197733 2.465276 393.038666 nan nan
0.630000 -0.960045 -0.960045 nan 0.191895 2.415291 388.137085 nan nan
0.640000 -0.946135 -0.946135 nan 0.186016 2.367628 384.333344 nan nan
0.650000 -0.959703 -0.959703 nan 0.180095 2.322428 378.771362 nan nan
0.660000 -0.971301 -0.971301 nan 0.174125 2.279788 374.498840 nan nan
0.670000 -0.938624 -0.938624 nan 0.168114 2.239838 371.246796 nan nan
0.680000 -0.971173 -0.971173 nan 0.162061 2.202673 366.123474 nan nan
0.690000 -0.936432 -0.936432 nan 0.155963 2.168379 362.136932 nan nan
0.700000 -0.911205 -0.911205 nan 0.149844 2.137079 359.603455 nan nan
0.710000 -0.940836 -0.940836 nan 0.143695 2.108825 354.665314 nan nan
0.720000 -0.952169 -0.952169 nan 0.137497 2.083635 351.038086 nan nan
0.730000 -0.925936 -0.925936 nan 0.131255 2.061567 348.967926 nan nan
0.740000 -0.843094 -0.843094 nan 0.125011 2.042739 344.791687 nan nan
0.750000 -0.918903 -0.918903 nan 0.118760 2.027177 340.992401 nan nan
0.760000 -0.958649 -0.958649 nan 0.112455 2.014826 338.787048 nan nan
0.770000 -0.954251 -0.954251 nan 0.106082 2.005689 334.477448 nan nan
0.780000 -0.967330 -0.967330 nan 0.099643 1.999782 331.327545 nan nan
0.790000 -0.954388 -0.954388 nan 0.093142 1.997123 328.828064 nan nan
0.800000 -0.976404 -0.976404 nan 0.086581 1.997721 324.805420 nan nan
0.810000 -0.980109 -0.980109 nan 0.079956 2.001567 321.062225 nan nan
0.820000 -0.977066 -0.977066 nan 0.073274 2.008667 317.969330 nan nan
0.830000 -0.956102 -0.956102 nan 0.066553 2.019036 315.044739 nan nan
0.840000 -0.962435 -0.962435 nan 0.059806 2.032676 311.266754 nan nan
0.850000 -0.966460 -0.966460 nan 0.053035 2.049570 308.188080 nan nan
0.860000 -0.967105 -0.967105 nan 0.046245 2.069696 306.476807 nan nan
0.870000 -0.967322 -0.967322 nan 0.039444 2.093032 302.723907 nan nan
0.880000 -0.979623 -0.979623 nan 0.032634 2.119539 299.855316 nan nan
0.890000 -0.981592 -0.981592 nan 0.025818 2.149172 297.541931 nan nan
0.900000 -0.982046 -0.982046 nan 0.019002 2.181885 293.209503 nan nan
0.910000 -0.982458 -0.982458 nan 0.012194 2.217626 290.141449 nan nan
0.920000 -0.969297 -0.969297 nan 0.005404 2.256345 288.222931 nan nan
0.930000 -0.969178 -0.969178 nan -0.001356 2.297980 283.363037 nan nan
0.940000 -0.970027 -0.970027 nan -0.008083 2.342443 279.644318 nan nan
0.950000 -0.969979 -0.969979 nan -0.014777 2.389632 277.228149 nan nan
0.960000 -0.943792 -0.943792 nan -0.021425 2.439458 274.348816 nan nan
0.970000 -0.849637 -0.849637 nan -0.027978 2.491930 270.886566 nan nan
0.980000 -0.590128 -0.590128 nan -0.034295 2.547336 268.773254 nan nan
0.990000 0.426687 0.426687 nan -0.039852 2.607181 264.923431 nan nan
1.000000 0.815335 0.815335 nan -0.044126 2.673039 261.898346 nan nan
1.010000 0.950301 0.950301 nan -0.047023 2.745162 257.082794 nan nan
1.020000 0.952650 0.952650 nan -0.048631 2.823158 251.381897 nan nan
1.030000 0.955497 0.955497 nan -0.049095 2.906374 247.714478 nan nan
1.040000 0.966088 0.966088 nan -0.048554 2.994108 244.826538 nan nan
1.050000 0.992426 0.992426 nan -0.047134 3.085638 242.506195 nan nan
1.060000 0.995058 0.995058 nan -0.044962 3.180186 240.410248 nan nan
1.070000 0.990500 0.990500 nan -0.042174 3.276899 241.659851 nan nan
1.080000 0.988996 0.988996 nan -0.038897 3.374931 244.000687 nan nan
1.090000 0.995472 0.995472 nan -0.035241 3.473497 247.940033 nan nan
1.100000 0.995733 0.995733 nan -0.031299 3.571878 253.242935 nan nan
1.110000 0.996971 0.996971 nan -0.027151 3.669432 261.460144 nan nan
1.120000 0.997167 0.997167 nan -0.022858 3.765603 269.711670 nan nan
1.130000 0.997723 0.997723 nan -0.018468 3.859926 273.887817 nan nan
1.140000 0.997845 0.997845 nan -0.014009 3.952022 278.788910 nan nan
1.150000 1.000000 1.000000 nan -0.009502 4.041583 282.692627 nan nan
1.160000 0.994119 0.994119 nan -0.004955 4.128357 284.730988 nan nan
1.170000 0.993897 0.993897 nan -0.000370 4.212142 287.715942 nan nan
1.180000 0.993898 0.993898 nan 0.004259 4.292780 289.954346 nan nan
1.190000 0.993848 0.993848 nan 0.008942 4.370143 292.079559 nan nan
1.200000 0.993875 0.993875 nan 0.013693 4.444127 296.417267 nan nan
1.210000 1.000000 1.000000 nan 0.018529 4.514649 296.936432 nan nan
1.220000 1.000000 1.000000 nan 0.023467 4.581641 298.943390 nan nan
1.230000 0.994145 0.994145 nan 0.028518 4.645041 299.276093 nan nan
1.240000 0.997979 0.997979 nan 0.033695 4.704804 299.769897 nan nan
1.250000 0.819934 0.819934 nan 0.038941 4.760896 299.461853 nan nan
1.260000 0.839374 0.839374 nan 0.044212 4.813308 299.082062 nan nan
1.270000 -0.073389 -0.073389 nan 0.049180 4.862196 297.795258 nan nan
1.280000 -0.813030 -0.813030 nan 0.053257 4.907960 296.530701 nan nan
1.290000 -0.673167 -0.673167 nan 0.056319 4.950847 295.170471 nan nan
1.300000 -0.891266 -0.891266 nan 0.058445 4.990990 295.548401 nan nan
1.310000 -0.821291 -0.821291 nan 0.059682 5.028509 292.715820 nan nan
1.320000 -0.870287 -0.870287 nan 0.060135 5.063444 291.376343 nan nan
1.330000 -0.892838 -0.892838 nan 0.059860 5.095861 290.406708 nan nan
1.340000 -0.834800 -0.834800 nan 0.058951 5.125753 288.932770 nan nan
1.350000 -0.933715 -0.933715 nan 0.057461 5.153152 288.037476 nan nan
1.360000 -0.564819 -0.564819 nan 0.055563 5.177869 286.686249 nan nan
1.370000 -0.720486 -0.720486 nan 0.053385 5.199774 285.420563 nan nan
1.380000 -0.816318 -0.816318 nan 0.050859 5.219037 284.956573 nan nan
1.390000 -0.148497 -0.148497 nan 0.048258 5.235214 283.514374 nan nan
1.400000 -0.463215 -0.463215 nan 0.045726 5.248075 282.849701 nan nan
1.410000 0.258280 0.258280 nan 0.043431 5.257318 282.300690 nan nan
1.420000 0.144203 0.144203 nan 0.041587 5.262538 280.808411 nan nan
1.430000 -0.335988 -0.335988 nan 0.039911 5.264292 280.203766 nan nan
1.440000 0.639789 0.639789 nan 0.038594 5.262207 279.992096 nan nan
1.450000 0.544295 0.544295 nan 0.037943 5.255681 278.135742 nan nan
1.460000 -0.072391 -0.072391 nan 0.037601 5.245404 277.782959 nan nan
1.470000 0.810147 0.810147 nan 0.037649 5.231219 276.553436 nan nan
1.480000 0.648553 0.648553 nan 0.038321 5.212678 274.804443 nan nan
1.490000 0.298280 0.298280 nan 0.039343 5.190276 274.239716 nan nan
1.500000 0.933578 0.933578 nan 0.040791 5.163880 273.383057 nan nan
1.510000 0.798458 0.798458 nan 0.042801 5.133250 270.676453 nan nan
1.520000 0.744526 0.744526 nan 0.045232 5.098617 269.747040 nan nan
1.530000 0.988341 0.988341 nan 0.048103 5.059958 268.161713 nan nan
1.540000 0.928500 0.928500 nan 0.051423 5.017264 265.412262 nan nan
1.550000 0.840180 0.840180 nan 0.055071 4.970690 263.393219 nan nan
1.560000 1.000000 1.000000 nan 0.059023 4.920270 262.046631 nan nan
1.570000 0.917848 0.917848 nan 0.063257 4.866030 258.514221 nan nan
1.580000 0.919466 0.919466 nan 0.067691 4.808039 255.697723 nan nan
1.590000 0.974976 0.974976 nan 0.072303 4.746324 252.800339 nan nan
1.600000 0.868577 0.868577 nan 0.077030 4.680914 248.362900 nan nan
1.610000 0.734052 0.734052 nan 0.081741 4.611821 245.535843 nan nan
1.620000 0.846062 0.846062 nan 0.086403 4.539054 241.594406 nan nan
1.630000 0.704658 0.704658 nan 0.090981 4.462605 236.331421 nan nan
1.640000 0.738829 0.738829 nan 0.095416 4.382463 232.039749 nan nan
1.650000 0.133715 0.133715 nan 0.099470 4.298354 226.912201 nan nan
1.660000 -0.348638 -0.348638 nan 0.102725 4.209658 220.270126 nan nan
1.670000 -0.390798 -0.390798 nan 0.105026 4.116018 214.835037 nan nan
1.680000 -0.991220 -0.991220 nan 0.106173 4.016888 207.818787 nan nan
1.690000 -0.871550 -0.871550 -1.000000 0.106065 3.911931 199.003784 204.945847 -5.942062
1.700000 -0.893075 -0.893075 -1.000000 0.104848 3.801438 191.695053 204.392151 -12.697098
1.710000 -0.877352 -0.877352 -1.000000 0.102631 3.685741 181.671371 197.344055 -15.672684
1.720000 -0.937146 -0.937146 -1.000000 0.099520 3.565277 171.105164 276.516083 -105.410919
1.730000 -0.938405 -0.938405 -1.000000 0.095626 3.440635 161.158386 185.405365 -24.246979
1.740000 -0.947898 -0.947898 -1.000000 0.091097 3.312645 148.736191 173.652756 -24.916565
1.750000 -0.914651 -0.914651 -1.000000 0.086107 3.182330 135.499039 148.079025 -12.579987
1.760000 -0.970873 -0.970873 -1.000000 0.080805 3.050700 123.111679 141.611649 -18.499969
1.770000 -0.971787 -0.971787 -1.000000 0.075319 2.918714 111.707062 112.738686 -1.031624
1.780000 -1.000000 -0.924924 -1.000000 0.069771 2.787315 101.035675 100.980110 0.055565
1.790000 -0.865463 -0.787011 -0.865463 0.064320 2.657525 91.007362 90.590477 0.416885
1.800000 -0.696513 -0.781482 -0.696513 0.059171 2.530435 82.209244 81.573265 0.635979
1.810000 -0.433815 -0.708122 -0.433815 0.054530 2.407002 74.069389 73.383911 0.685478
1.820000 -0.303770 -0.814930 -0.303770 0.050536 2.287826 66.807785 66.017357 0.790428
1.830000 -0.245942 -0.460125 -0.245942 0.047204 2.173051 59.939026 59.330280 0.608746
1.840000 -0.162640 -0.263212 -0.162640 0.044513 2.062667 53.713085 53.270081 0.443005
1.850000 -0.065131 -0.157524 -0.065131 0.042452 1.956636 48.240822 47.786221 0.454601
1.860000 -0.012762 0.032323 -0.012762 0.040987 1.854855 43.249611 42.828072 0.421539
1.870000 0.041096 -0.104045 0.041096 0.040068 1.757179 39.265667 38.344620 0.921047
1.880000 0.076197 -0.244954 0.076197 0.039642 1.663461 34.932907 34.285103 0.647804
1.890000 0.100057 0.037374 0.100057 0.039646 1.573557 31.082048 30.624472 0.457577
1.900000 0.107980 0.372205 0.107980 0.040014 1.487337 27.888597 27.319246 0.569351
1.910000 0.109667 0.207588 0.109667 0.040681 1.404692 24.936234 24.342926 0.593307
1.920000 0.085453 -0.052553 0.085453 0.041573 1.325537 22.136681 21.667067 0.469614
1.930000 0.068717 -0.063284 0.068717 0.042622 1.249811 19.997486 19.267408 0.730078
1.940000 0.018235 0.194451 0.018235 0.043753 1.177480 17.560375 17.116947 0.443428
1.950000 0.020078 0.176689 0.020078 0.044912 1.108508 15.735315 15.195261 0.540054
1.960000 -0.011718 0.012421 -0.011718 0.046056 1.042855 14.081259 13.483204 0.598055
1.970000 -0.017183 -0.071318 -0.017183 0.047147 0.980479 12.569544 11.961401 0.608143
1.980000 -0.048094 -0.221773 -0.048094 0.048154 0.921336 11.043659 10.594894 0.448765
1.990000 -0.041078 -0.147624 -0.041078 0.049056 0.865361 10.332747 9.402552 0.930195
2.000000 -0.048272 0.084447 -0.048272 0.049845 0.812459 9.052039 8.347578 0.704461
2.010000 -0.019487 -0.131384 -0.019487 0.050529 0.762502 7.997132 7.408608 0.588523
2.020000 -0.106706 -0.138971 -0.106706 0.051080 0.715446 7.199786 6.572222 0.627564
2.030000 -0.124172 0.062847 -0.124172 0.051458 0.671292 6.455038 5.847511 0.607527
2.040000 -0.063898 -0.180564 -0.063898 0.051692 0.629850 5.811239 5.194709 0.616530
2.050000 -0.079476 -0.052751 -0.079476 0.051808 0.590932 5.467993 4.639687 0.828306
2.060000 -0.092344 -0.198714 -0.092344 0.051802 0.554444 4.879938 4.120184 0.759754
2.070000 -0.081708 -0.078670 -0.081708 0.051682 0.520256 4.239545 3.699686 0.539859
2.080000 -0.122996 -0.268645 -0.122996 0.051445 0.488281 3.848395 3.301958 0.546437
2.090000 -0.096373 -0.006421 -0.096373 0.051094 0.458404 3.634443 2.968636 0.665807
2.100000 -0.102255 0.153932 -0.102255 0.050652 0.430466 3.309582 2.678577 0.631005
2.110000 -0.089665 0.013588 -0.089665 0.050129 0.404336 3.148045 2.403584 0.744461
2.120000 -0.115759 -0.086328 -0.115759 0.049530 0.379918 2.470845 2.160523 0.310322
2.130000 -0.082411 -0.051935 -0.082411 0.048866 0.357089 2.520845 1.957271 0.563574
2.140000 -0.123921 -0.090134 -0.123921 0.048142 0.335758 2.402528 1.786934 0.615594
2.150000 -0.069866 -0.207123 -0.069866 0.047372 0.315803 2.123974 1.624425 0.499549
2.160000 -0.202332 -0.310736 -0.202332 0.046526 0.297262 2.176156 1.481849 0.694307
2.170000 -0.144191 -0.142647 -0.144191 0.045583 0.280147 1.770179 1.361883 0.408297
2.180000 -0.066145 -0.319144 -0.066145 0.044615 0.264138 1.769146 1.250611 0.518535
2.190000 -0.093100 0.108661 -0.093100 0.043648 0.249087 1.574033 1.161188 0.412845
2.200000 -0.067114 -0.123923 -0.067114 0.042683 0.234934 1.588511 1.093109 0.495402
2.210000 -0.040270 0.019478 -0.040270 0.041746 0.221538 1.323900 0.976530 0.347370
2.220000 -0.076786 -0.121247 -0.076786 0.040829 0.208875 1.445114 0.906848 0.538266
2.230000 -0.043002 -0.192122 -0.043002 0.039932 0.196903 1.498780 0.879860 0.618920
2.240000 -0.181618 -0.461874 -0.181618 0.039006 0.185758 1.434145 0.817305 0.616841
2.250000 -0.101730 -0.069341 -0.101730 0.038032 0.175471 1.278965 0.750611 0.528354
2.260000 -0.085194 -0.184325 -0.085194 0.037058 0.165825 1.139354 0.703807 0.435547
2.270000 -0.089674 0.017940 -0.089674 0.036090 0.156761 1.084565 0.666297 0.418268
2.280000 -0.075287 -0.128798 -0.075287 0.035135 0.148228 1.062297 0.623748 0.438549
2.290000 -0.186010 -0.053385 -0.186010 0.034147 0.140357 1.004214 0.629951 0.374263
2.300000 -0.094211 -0.100617 -0.094211 0.033126 0.133127 1.324170 0.597225 0.726945
2.310000 -0.091216 -0.108829 -0.091216 0.032116 0.126341 1.032926 0.555099 0.477828
2.320000 -0.104697 -0.054249 -0.104697 0.031114 0.119992 0.955863 0.535206 0.420657
2.330000 -0.010342 -0.059142 -0.010342 0.030155 0.113921 1.082311 0.494531 0.587780
2.340000 -0.073651 -0.344196 -0.073651 0.029249 0.108073 1.148531 0.505052 0.643480
2.350000 -0.078835 0.150048 -0.078835 0.028360 0.102558 0.917372 0.489052 0.428320
2.360000 -0.061567 -0.139516 -0.061567 0.027493 0.097337 1.151698 0.451146 0.700552
2.370000 -0.113996 -0.123143 -0.113996 0.026630 0.092460 1.002970 0.425257 0.577713
2.380000 -0.102337 -0.239196 -0.102337 0.025753 0.087972 0.803373 0.423509 0.379865
2.390000 -0.093223 -0.336753 -0.093223 0.024875 0.083814 0.778530 0.399154 0.379376
2.400000 -0.093751 0.019967 -0.093751 0.023999 0.079955 1.059825 0.405955 0.653870
2.410000 -0.096867 -0.056629 -0.096867 0.023124 0.076385 0.952080 0.387794 0.564286
2.420000 -0.073564 -0.060118 -0.073564 0.022261 0.073055 0.719922 0.377026 0.342895
2.430000 -0.068011 0.109403 -0.068011 0.021420 0.069908 1.379365 0.396026 0.983338
2.440000 -0.041942 -0.165318 -0.041942 0.020614 0.066888 0.998893 0.388014 0.610879
2.450000 -0.000552 -0.139538 -0.000552 0.019870 0.063882 0.948932 0.390551 0.558381
2.460000 -0.050701 -0.065709 -0.050701 0.019176 0.060923 0.910645 0.380874 0.529771
2.470000 -0.030325 -0.125716 -0.030325 0.018515 0.058065 1.169743 0.383391 0.786352
2.480000 -0.064318 -0.107929 -0.064318 0.017877 0.055335 0.754970 0.346828 0.408142
2.490000 -0.159083 0.016059 -0.159083 0.017202 0.052947 0.971474 0.402073 0.569401
2.500000 -0.026050 -0.246046 -0.026050 0.016513 0.050805 0.881826 0.328432 0.553395
2.510000 -0.052497 -0.075299 -0.052497 0.015859 0.048721 0.845189 0.323220 0.521969
2.520000 -0.073877 0.020138 -0.073877 0.015214 0.046780 0.825983 0.321671 0.504312
2.530000 -0.020270 -0.228191 -0.020270 0.014593 0.044922 0.955273 0.361281 0.593991
2.540000 0.016340 -0.025387 0.016340 0.014034 0.042999 1.022991 0.350219 0.672772
2.550000 -0.103235 -0.010411 -0.103235 0.013491 0.041172 0.649996 0.314581 0.335415
2.560000 -0.029441 -0.180246 -0.029441 0.012944 0.039511 0.674801 0.298953 0.375847
2.570000 -0.070787 -0.174837 -0.070787 0.012408 0.037956 0.754125 0.297171 0.456954
2.580000 0.004417 -0.082021 0.004417 0.011897 0.036446 1.035238 0.310528 0.724710
2.590000 -0.054620 -0.023662 -0.054620 0.011415 0.034961 0.997833 0.290916 0.706916
2.600000 -0.022259 0.136776 -0.022259 0.010948 0.033549 0.647718 0.301640 0.346078
2.610000 -0.080493 -0.010797 -0.080493 0.010482 0.032256 1.041726 0.308409 0.733317
2.620000 -0.033233 0.027224 -0.033233 0.010013 0.031092 0.787945 0.301575 0.486370
2.630000 0.035807 0.072751 0.035807 0.009594 0.029857 1.145643 0.388897 0.756745
2.640000 -0.015126 0.141980 -0.015126 0.009226 0.028540 0.988459 0.322417 0.666043
2.650000 -0.033796 -0.033731 -0.033796 0.008873 0.027272 0.976916 0.308890 0.668025
2.660000 -0.064374 0.107944 -0.064374 0.008512 0.026135 0.992521 0.305582 0.686939
2.670000 -0.072533 -0.112265 -0.072533 0.008126 0.025187 0.670489 0.279127 0.391362
2.680000 -0.033082 -0.058328 -0.033082 0.007733 0.024357 0.843109 0.293535 0.549574
2.690000 -0.034798 0.138518 -0.034798 0.007350 0.023580 0.880468 0.330669 0.549799
2.700000 0.060678 0.192098 0.060678 0.007019 0.022695 1.294762 0.308396 0.986366
2.710000 0.001341 0.032753 0.001341 0.006748 0.021666 0.692450 0.291786 0.400664
2.720000 -0.040627 -0.095547 -0.040627 0.006487 0.020682 0.705797 0.288017 0.417780
2.730000 -0.060257 0.208049 -0.060257 0.006207 0.019845 0.660692 0.290840 0.369852
2.740000 -0.009386 0.219297 -0.009386 0.005925 0.019089 0.929056 0.302169 0.626887
2.750000 -0.076949 0.162001 -0.076949 0.005632 0.018442 1.096358 0.324281 0.772077
2.760000 -0.003619 -0.184021 -0.003619 0.005335 0.017881 0.800061 0.302714 0.497347
2.770000 0.113222 -0.190662 0.113222 0.005118 0.017086 1.170964 0.416650 0.754315
2.780000 -0.064133 -0.153259 -0.064133 0.004943 0.016195 0.722684 0.304767 0.417917
2.790000 -0.078212 0.036699 -0.078212 0.004721 0.015537 0.788014 0.280165 0.507849
2.800000 0.016822 -0.110065 0.016822 0.004496 0.014952 1.023060 0.331499 0.691561
2.810000 0.032613 -0.099594 0.032613 0.004315 0.014252 0.930715 0.300598 0.630117
2.820000 -0.005884 0.107174 -0.005884 0.004165 0.013494 0.904927 0.317530 0.587398
2.830000 -0.058713 -0.141862 -0.058713 0.004000 0.012839 0.771132 0.273932 0.497199
2.840000 -0.049715 0.168115 -0.049715 0.003803 0.012350 1.008479 0.354168 0.654311
2.850000 -0.023389 0.067612 -0.023389 0.003594 0.011952 1.283232 0.339998 0.943234
2.860000 -0.003276 0.007747 -0.003276 0.003396 0.011561 0.784706 0.281383 0.503324
2.870000 -0.030014 0.110611 -0.030014 0.003202 0.011191 0.859216 0.282557 0.576659
2.880000 -0.035994 -0.024742 -0.035994 0.003000 0.010898 0.785110 0.284689 0.500421
2.890000 -0.023374 -0.039114 -0.023374 0.002792 0.010664 0.875911 0.297793 0.578118
2.900000 -0.018159 -0.063874 -0.018159 0.002587 0.010458 0.834201 0.283559 0.550643
2.910000 -0.024537 0.157885 -0.024537 0.002385 0.010281 0.782008 0.280021 0.501987
2.920000 -0.026959 -0.102697 -0.026959 0.002181 0.010149 0.831479 0.270728 0.560751
2.930000 -0.013658 0.264993 -0.013658 0.001980 0.010041 0.763288 0.299062 0.464226
2.940000 0.020746 0.097385 0.020746 0.001804 0.009878 0.686947 0.269727 0.417220
2.950000 -0.039165 0.063424 -0.039165 0.001637 0.009716 0.833646 0.301559 0.532087
2.960000 0.040731 0.024391 0.040731 0.001489 0.009520 1.005997 0.326524 0.679473
2.970000 0.001976 0.069937 0.001976 0.001375 0.009232 0.867488 0.281696 0.585792
2.980000 -0.037214 -0.190827 -0.037214 0.001256 0.008995 0.898764 0.284860 0.613904
2.990000 -0.051393 -0.050370 -0.051393 0.001110 0.008895 0.843692 0.316463 0.527229
3.000000 -0.005997 0.199167 -0.005997 0.000953 0.008866 0.686699 0.289712 0.396987
3.010000 -0.026636 0.015247 -0.026636 0.000798 0.008863 0.821624 0.304489 0.517135
3.020000 -0.004768 0.081025 -0.004768 0.000646 0.008884 0.650123 0.284143 0.365980
3.030000 0.037780 0.145219 0.037780 0.000524 0.008823 0.760484 0.269024 0.491460
3.040000 0.077489 -0.150112 0.077489 0.000466 0.008554 1.095816 0.293663 0.802153
3.050000 -0.091596 0.008116 -0.091596 0.000406 0.008326 1.024067 0.315096 0.708970
3.060000 0.048986 0.044847 0.048986 0.000333 0.008175 0.622609 0.295910 0.326700
3.070000 0.010379 0.061922 0.010379 0.000293 0.007930 0.898455 0.275242 0.623213
3.080000 0.008964 0.116046 0.008964 0.000265 0.007670 0.829916 0.288177 0.541739
3.090000 0.054723 -0.158608 0.054723 0.000268 0.007323 0.914303 0.294949 0.619354
3.100000 0.025774 0.023851 0.025774 0.000305 0.006876 1.036998 0.275815 0.761183
3.110000 -0.022164 -0.059704 -0.022164 0.000337 0.006468 0.946411 0.306958 0.639453
3.120000 -0.050977 0.217127 -0.050977 0.000333 0.006226 0.798565 0.282871 0.515694
3.130000 0.042860 0.246599 0.042860 0.000325 0.006018 0.780139 0.279747 0.500392
3.140000 0.017094 -0.019594 0.017094 0.000343 0.005733 0.646005 0.289853 0.356152
3.150000 0.004160 0.064628 0.004160 0.000368 0.005446 0.779752 0.298271 0.481481
3.160000 0.038802 0.176686 0.038802 0.000409 0.005120 0.889968 0.282779 0.607189
3.170000 0.000198 -0.032886 0.000198 0.000461 0.004768 1.054843 0.314834 0.740009
3.180000 0.014269 0.126013 0.014269 0.000513 0.004435 1.229291 0.286146 0.943145
3.190000 0.083298 -0.233270 0.083298 0.000603 0.003977 0.832997 0.303187 0.529810
3.200000 -0.057582 0.182494 -0.057582 0.000692 0.003536 0.667102 0.290678 0.376424
3.210000 -0.016552 0.022731 -0.016552 0.000737 0.003270 0.944290 0.290475 0.653815
3.220000 -0.008041 -0.089945 -0.008041 0.000767 0.003078 1.057910 0.277137 0.780774
3.230000 -0.016762 0.015671 -0.016762 0.000781 0.002954 0.841073 0.331958 0.509115
3.240000 -0.013591 0.213842 -0.013591 0.000780 0.002898 0.831928 0.283008 0.548920
3.250000 0.055574 0.051010 0.055574 0.000798 0.002782 1.076724 0.296094 0.780630
3.260000 -0.015235 -0.101134 -0.015235 0.000831 0.002621 0.969462 0.301860 0.667602
3.270000 -0.004334 -0.036834 -0.004334 0.000851 0.002517 0.928848 0.321424 0.607425
3.280000 0.038397 -0.213833 0.038397 0.000884 0.002373 0.912894 0.312916 0.599978
3.290000 -0.042264 -0.066504 -0.042264 0.000910 0.002263 0.781933 0.295504 0.486429
3.300000 -0.057788 0.031551 -0.057788 0.000888 0.002341 1.038608 0.281742 0.756866
3.310000 0.026796 0.254571 0.026796 0.000856 0.002469 1.097041 0.312327 0.784714
3.320000 0.005747 0.125428 0.005747 0.000841 0.002540 0.933262 0.305469 0.627792
3.330000 0.007987 0.004807 0.007987 0.000833 0.002593 1.035095 0.289132 0.745963
3.340000 0.020060 0.040219 0.020060 0.000839 0.002606 0.990245 0.289652 0.700593
3.350000 0.041270 0.352973 0.041270 0.000871 0.002530 1.129487 0.317377 0.812110
3.360000 -0.003242 0.151962 -0.003242 0.000915 0.002416 0.966566 0.302823 0.663743
3.370000 -0.031043 0.104969 -0.031043 0.000939 0.002389 0.797664 0.272356 0.525308
3.380000 0.000203 0.199806 0.000203 0.000946 0.002433 0.745724 0.281687 0.464037
3.390000 0.029549 -0.013897 0.029549 0.000965 0.002440 1.122939 0.279850 0.843089
3.400000 0.005959 -0.100877 0.005959 0.000998 0.002406 0.598906 0.272079 0.326827
3.410000 0.025192 0.025910 0.025192 0.001040 0.002344 0.875656 0.273454 0.602202
3.420000 0.104587 0.240752 0.104587 0.001136 0.002091 0.920601 0.346373 0.574228
3.430000 -0.016623 0.105060 -0.016623 0.001258 0.001745 0.799733 0.308910 0.490823
3.440000 0.004740 -0.033879 0.004740 0.001362 0.001476 0.913339 0.278583 0.634756
3.450000 -0.027053 -0.042630 -0.027053 0.001443 0.001296 0.849402 0.315002 0.534400
3.460000 -0.012413 0.125395 -0.012413 0.001498 0.001222 0.913314 0.343781 0.569533
3.470000 0.027756 -0.244570 0.027756 0.001553 0.001148 1.008916 0.298887 0.710029
3.480000 -0.001644 -0.042582 -0.001644 0.001614 0.001061 0.819118 0.272529 0.546589
3.490000 0.069773 -0.205904 0.069773 0.001698 0.000887 0.730052 0.310123 0.419929
3.500000 0.113045 -0.142104 0.113045 0.001854 0.000446 1.059908 0.430348 0.629560
3.510000 0.024693 0.238525 0.024693 0.002054 -0.000153 0.937962 0.284732 0.653231
3.520000 -0.085281 0.063494 -0.085281 0.002203 -0.000565 0.934931 0.319595 0.615336
3.530000 -0.077412 -0.026721 -0.077412 0.002262 -0.000645 0.604715 0.282131 0.322584
3.540000 -0.007808 0.157965 -0.007808 0.002279 -0.000562 0.971809 0.268517 0.703293
3.550000 -0.047224 0.085445 -0.047224 0.002268 -0.000383 0.942862 0.284806 0.658056
3.560000 -0.011820 0.240333 -0.011820 0.002233 -0.000111 1.267653 0.329971 0.937682
3.570000 0.026203 -0.119479 0.026203 0.002208 0.000119 0.758129 0.279758 0.478372
3.580000 0.000779 0.147536 0.000779 0.002198 0.000296 0.752375 0.322976 0.429399
3.590000 -0.034948 -0.352751 -0.034948 0.002174 0.000528 0.857534 0.319968 0.537566
3.600000 -0.023751 0.228782 -0.023751 0.002126 0.000849 0.887719 0.310114 0.577605
3.610000 -0.062622 0.194353 -0.062622 0.002045 0.001299 0.843129 0.333016 0.510113
3.620000 0.015647 0.148025 0.015647 0.001952 0.001796 0.556387 0.289408 0.266980
3.630000 0.044075 0.139510 0.044075 0.001897 0.002161 0.915752 0.306351 0.609401
3.640000 0.028735 0.000762 0.028735 0.001879 0.002392 0.902034 0.293711 0.608322
3.650000 0.019389 0.167420 0.019389 0.001885 0.002545 0.805578 0.286405 0.519174
3.660000 0.008637 0.055668 0.008637 0.001902 0.002664 0.648499 0.287794 0.360705
3.670000 0.020908 -0.287065 0.020908 0.001929 0.002753 1.025611 0.317770 0.707841
3.680000 0.021838 0.219633 0.021838 0.001973 0.002793 1.190434 0.293338 0.897096
3.690000 0.037882 -0.044386 0.037882 0.002037 0.002764 0.596087 0.288253 0.307834
3.700000 0.061918 0.020926 0.061918 0.002139 0.002607 0.913325 0.293970 0.619356
3.710000 0.035355 0.018002 0.035355 0.002271 0.002342 0.734738 0.296882 0.437856
3.720000 -0.001582 0.259683 -0.001582 0.002404 0.002088 0.858979 0.292623 0.566356
3.730000 -0.023448 0.167775 -0.023448 0.002509 0.001941 0.718100 0.291966 0.426134
3.740000 0.017137 0.214397 0.017137 0.002600 0.001856 0.700262 0.343889 0.356372
3.750000 -0.014908 0.095999 -0.014908 0.002681 0.001815 0.504613 0.303495 0.201117
3.760000 0.029966 0.008620 0.029966 0.002760 0.001789 0.914118 0.309155 0.604963
3.770000 0.028456 0.076930 0.028456 0.002856 0.001706 0.891107 0.306206 0.584902
3.780000 -0.008954 0.130945 -0.008954 0.002949 0.001640 0.898066 0.278180 0.619886
3.790000 0.019069 0.286283 0.019069 0.003036 0.001603 0.785345 0.284065 0.501280
3.800000 0.015022 -0.031461 0.015022 0.003128 0.001552 1.016709 0.292830 0.723880
3.810000 -0.008857 0.229950 -0.008857 0.003212 0.001537 0.925085 0.301124 0.623961
3.820000 0.014959 0.196461 0.014959 0.003289 0.001553 0.991143 0.343083 0.648060
3.830000 0.026660 0.147065 0.026660 0.003376 0.001539 0.816112 0.295109 0.521003
3.840000 0.078230 0.000126 0.078230 0.003500 0.001391 0.951985 0.300633 0.651353
3.850000 0.024545 0.174839 0.024545 0.003655 0.001132 0.929543 0.327156 0.602386
3.860000 -0.045543 0.251212 -0.045543 0.003782 0.000981 1.111143 0.310876 0.800267
3.870000 0.120076 0.046091 0.120076 0.003930 0.000757 0.692923 0.301243 0.391680
3.880000 -0.018628 0.157917 -0.018628 0.004105 0.000435 1.020796 0.338904 0.681892
3.890000 -0.022162 0.100190 -0.022162 0.004241 0.000256 0.948369 0.309094 0.639275
3.900000 0.050991 0.090891 0.050991 0.004376 0.000086 0.846151 0.284028 0.562123
3.910000 0.007972 0.074044 0.007972 0.004522 -0.000125 0.538724 0.292527 0.246197
3.920000 0.012144 0.289281 0.012144 0.004660 -0.000307 0.933714 0.294462 0.639251
3.930000 0.002934 0.021002 0.002934 0.004789 -0.000458 1.070443 0.302786 0.767656
3.940000 0.016417 0.291948 0.016417 0.004913 -0.000589 1.027539 0.306483 0.721056
3.950000 -0.019241 0.131658 -0.019241 0.005021 -0.000664 0.731218 0.309876 0.421341
3.960000 0.037140 0.092268 0.037140 0.005126 -0.000729 0.878589 0.406175 0.472414
3.970000 0.076156 0.038607 0.076156 0.005269 -0.000942 0.585346 0.300699 0.284646
3.980000 -0.067039 0.118944 -0.067039 0.005400 -0.001109 1.120255 0.290024 0.830231
3.990000 0.013366 -0.039322 0.013366 0.005492 -0.001140 0.873183 0.313683 0.559500
4.000000 0.087152 0.313228 0.087152 0.005620 -0.001306 0.814706 0.285241 0.529465
4.010000 -0.023871 0.036120 -0.023871 0.005761 -0.001525 0.847238 0.286272 0.560966
4.020000 0.007183 0.000432 0.007183 0.005879 -0.001665 0.771518 0.307693 0.463824
4.030000 -0.018548 0.188173 -0.018548 0.005979 -0.001742 0.853978 0.358873 0.495105
4.040000 -0.052228 0.224659 -0.052228 0.006036 -0.001666 1.076235 0.326446 0.749790
4.050000 0.007428 -0.003865 0.007428 0.006067 -0.001500 1.175220 0.279097 0.896123
4.060000 0.024648 0.213205 0.024648 0.006110 -0.001381 0.959358 0.304179 0.655179
4.070000 -0.040030 0.102457 -0.040030 0.006141 -0.001222 0.809184 0.286468 0.522717
4.080000 0.086065 -0.110103 0.086065 0.006190 -0.001136 1.179107 0.314525 0.864582
4.090000 0.052016 0.152171 0.052016 0.006294 -0.001264 0.737655 0.319942 0.417713
4.100000 -0.024212 0.175524 -0.024212 0.006399 -0.001396 0.853082 0.304745 0.548337
4.110000 0.027667 -0.088814 0.027667 0.006494 -0.001498 0.971517 0.305439 0.666078
4.120000 -0.032842 0.107596 -0.032842 0.006576 -0.001556 0.831952 0.284819 0.547133
4.130000 0.013701 -0.093020 0.013701 0.006641 -0.001555 0.837031 0.303823 0.533208
4.140000 -0.037401 0.153031 -0.037401 0.006688 -0.001492 0.806737 0.290613 0.516124
4.150000 0.044316 0.265540 0.044316 0.006734 -0.001430 0.865361 0.284524 0.580837
4.160000 -0.009427 0.034958 -0.009427 0.006789 -0.001411 1.029330 0.311610 0.717719
4.170000 -0.013041 0.119816 -0.013041 0.006829 -0.001338 0.727307 0.293572 0.433735
4.180000 -0.052060 0.123590 -0.052060 0.006835 -0.001143 0.595773 0.318110 0.277663
4.190000 -0.037848 0.186842 -0.037848 0.006801 -0.000801 0.817128 0.305180 0.511948
4.200000 0.033854 0.499391 0.033854 0.006769 -0.000473 1.081603 0.295999 0.785604
4.210000 -0.002356 0.019266 -0.002356 0.006755 -0.000211 0.852893 0.314837 0.538055
4.220000 -0.006369 0.005161 -0.006369 0.006739 0.000058 0.855176 0.286742 0.568434
4.230000 0.044639 0.252765 0.044639 0.006742 0.000255 1.180108 0.346598 0.833510
4.240000 0.045676 0.075769 0.045676 0.006784 0.000304 0.910132 0.324147 0.585984
4.250000 -0.035959 0.016666 -0.035959 0.006826 0.000359 0.698298 0.292408 0.405890
4.260000 0.110732 -0.115311 0.110732 0.006897 0.000303 0.967761 0.305745 0.662015
4.270000 -0.008031 0.036856 -0.008031 0.007005 0.000111 0.555456 0.300813 0.254643
4.280000 0.018689 0.069228 0.018689 0.007106 -0.000053 0.935057 0.307605 0.627452
4.290000 0.040151 0.181074 0.040151 0.007221 -0.000274 0.871773 0.296884 0.574889
4.300000 -0.026493 -0.005113 -0.026493 0.007330 -0.000468 0.974549 0.322502 0.652046
4.310000 -0.023805 0.147207 -0.023805 0.007403 -0.000535 1.063689 0.317668 0.746021
4.320000 0.035879 -0.073052 0.035879 0.007475 -0.000595 0.724078 0.303738 0.420340
4.330000 -0.081130 0.230052 -0.081130 0.007517 -0.000548 0.779827 0.300453 0.479374
4.340000 0.005062 -0.057868 0.005062 0.007522 -0.000361 0.720599 0.286853 0.433746
4.350000 -0.008504 0.295050 -0.008504 0.007524 -0.000168 0.978001 0.320312 0.657689
4.360000 0.019256 0.461201 0.019256 0.007531 0.000007 1.043626 0.350432 0.693194
4.370000 0.024887 0.090838 0.024887 0.007558 0.000111 0.939549 0.296303 0.643245
4.380000 0.059349 0.288277 0.059349 0.007618 0.000084 0.792303 0.306919 0.485384
4.390000 0.118604 0.241234 0.118604 0.007752 -0.000214 1.114569 0.302154 0.812415
4.400000 -0.007301 0.143379 -0.007301 0.007919 -0.000639 1.057119 0.296615 0.760503
4.410000 0.014471 -0.049710 0.014471 0.008071 -0.001009 1.356878 0.311653 1.045225
4.420000 -0.035771 0.253058 -0.035771 0.008196 -0.001282 0.774411 0.284752 0.489659
4.430000 0.054959 -0.007066 0.054959 0.008316 -0.001542 0.867664 0.281012 0.586652
4.440000 0.037171 -0.227468 0.037171 0.008464 -0.001912 0.818806 0.299225 0.519581
4.450000 -0.106156 0.228705 -0.106156 0.008564 -0.002107 1.026792 0.324857 0.701935
4.460000 -0.037994 -0.091594 -0.037994 0.008589 -0.002031 0.846654 0.283260 0.563395
4.470000 0.024679 0.113561 0.024679 0.008607 -0.001933 0.902335 0.293895 0.608440
4.480000 0.016080 -0.102703 0.016080 0.008640 -0.001904 1.245041 0.295292 0.949749
4.490000 -0.015679 0.072525 -0.015679 0.008671 -0.001868 0.651956 0.306997 0.344959
4.500000 0.003771 -0.056796 0.003771 0.008693 -0.001808 0.723954 0.289033 0.434920
4.510000 -0.069969 0.085545 -0.069969 0.008682 -0.001634 0.705295 0.333304 0.371991
4.520000 -0.008343 0.051658 -0.008343 0.008639 -0.001343 1.031846 0.317352 0.714493
4.530000 -0.004049 0.160492 -0.004049 0.008595 -0.001054 0.839140 0.288824 0.550316
4.540000 -0.009677 0.297895 -0.009677 0.008551 -0.000766 1.080247 0.325069 0.755177
4.550000 -0.003641 0.111552 -0.003641 0.008505 -0.000478 0.744687 0.293725 0.450963
4.560000 0.036229 -0.047903 0.036229 0.008480 -0.000267 0.677511 0.281624 0.395887
4.570000 0.022800 0.170458 0.022800 0.008484 -0.000165 0.928759 0.285992 0.642767
4.580000 -0.021978 0.144779 -0.021978 0.008487 -0.000063 1.290414 0.303549 0.986865
4.590000 0.000941 0.203107 0.000941 0.008481 0.000075 0.886218 0.287884 0.598334
4.600000 -0.016511 -0.115000 -0.016511 0.008468 0.000237 0.602520 0.287566 0.314954
4.610000 -0.022113 0.185632 -0.022113 0.008439 0.000459 0.879010 0.303957 0.575052
4.620000 0.058031 0.036601 0.058031 0.008431 0.000609 0.865832 0.296268 0.569564
4.630000 -0.009924 -0.019522 -0.009924 0.008444 0.000679 1.139835 0.316735 0.823099
4.640000 0.064562 0.135174 0.064562 0.008480 0.000665 0.989663 0.305988 0.683675
4.650000 0.019247 0.285307 0.019247 0.008549 0.000530 0.919314 0.305611 0.613702
4.660000 0.041593 0.054413 0.041593 0.008638 0.000325 0.822853 0.347315 0.475538
4.670000 -0.004966 -0.103079 -0.004966 0.008732 0.000098 0.868481 0.293120 0.575361
4.680000 -0.028265 -0.078017 -0.028265 0.008801 -0.000032 0.617528 0.298807 0.318721
4.690000 0.044629 0.149079 0.044629 0.008870 -0.000162 0.937898 0.311229 0.626668
4.700000 -0.006432 0.197247 -0.006432 0.008947 -0.000327 0.705032 0.301509 0.403523
4.710000 -0.000843 0.183208 -0.000843 0.009013 -0.000448 0.865982 0.299705 0.566277
4.720000 0.031824 0.054516 0.031824 0.009086 -0.000596 0.676964 0.295232 0.381732
4.730000 0.000230 0.121390 0.000230 0.009164 -0.000768 1.048596 0.325754 0.722842
4.740000 0.035011 0.304022 0.035011 0.009250 -0.000970 1.171166 0.299038 0.872128
4.750000 -0.013876 -0.011271 -0.013876 0.009335 -0.001174 0.669789 0.294876 0.374913
4.760000 -0.013555 0.014489 -0.013555 0.009399 -0.001302 0.739248 0.321367 0.417882
4.770000 -0.041751 0.178362 -0.041751 0.009431 -0.001315 1.242072 0.342129 0.899943
4.780000 0.044420 0.055129 0.044420 0.009461 -0.001327 0.910531 0.330398 0.580134
4.790000 0.057203 0.170629 0.057203 0.009533 -0.001502 0.956317 0.311015 0.645302
4.800000 -0.022919 0.069600 -0.022919 0.009613 -0.001707 0.706436 0.296825 0.409611
4.810000 -0.023538 0.088081 -0.023538 0.009662 -0.001809 0.996060 0.311062 0.684997
4.820000 0.039671 0.148999 0.039671 0.009715 -0.001927 1.082098 0.352452 0.729646
4.830000 -0.089662 0.158204 -0.089662 0.009738 -0.001943 1.077440 0.340425 0.737015
4.840000 0.066455 0.033046 0.066455 0.009750 -0.001924 0.865649 0.313742 0.551907
4.850000 -0.047687 0.011273 -0.047687 0.009768 -0.001935 0.819971 0.328095 0.491876
4.860000 0.012269 0.219640 0.012269 0.009770 -0.001890 1.019742 0.295813 0.723929
4.870000 -0.008473 -0.244175 -0.008473 0.009773 -0.001859 0.847463 0.304193 0.543269
4.880000 -0.038978 0.074268 -0.038978 0.009754 -0.001753 0.968838 0.290060 0.678778
4.890000 0.013397 0.186843 0.013397 0.009727 -0.001623 0.708619 0.304910 0.403709
4.900000 0.001408 -0.029990 0.001408 0.009710 -0.001534 0.702723 0.306743 0.395979
4.910000 0.008773 0.324451 0.008773 0.009699 -0.001477 1.219448 0.299401 0.920047
4.920000 0.007214 -0.047753 0.007214 0.009698 -0.001457 0.874830 0.309604 0.565226
4.930000 0.037974 0.322864 0.037974 0.009716 -0.001521 0.893559 0.305092 0.588467
4.940000 -0.052765 -0.123703 -0.052765 0.009726 -0.001555 0.863133 0.302022 0.561112
4.950000 0.006676 -0.002489 0.006676 0.009715 -0.001517 1.041898 0.318069 0.723830
4.960000 0.000725 -0.110478 0.000725 0.009708 -0.001502 0.950452 0.326932 0.623520
4.970000 0.029470 -0.149295 0.029470 0.009716 -0.001548 0.661066 0.277700 0.383365
4.980000 -0.008172 0.260617 -0.008172 0.009733 -0.001631 0.947651 0.321548 0.626102
4.990000 0.015827 0.136700 0.015827 0.009752 -0.001728 0.743075 0.291965 0.451110
5.000000 -0.034319 0.131597 -0.034319 0.009760 -0.001792 0.934782 0.290839 0.643943
5.010000 0.054023 0.259354 0.054023 0.009777 -0.001896 0.794448 0.296343 0.498105
5.020000 0.045894 -0.006492 0.045894 0.009837 -0.002167 0.999138 0.335288 0.663850
5.030000 -0.075381 0.030437 -0.075381 0.009876 -0.002369 0.943820 0.290637 0.653183
5.040000 -0.039107 -0.092283 -0.039107 0.009861 -0.002374 0.940564 0.306197 0.634368
5.050000 -0.022022 0.208836 -0.022022 0.009820 -0.002295 0.586180 0.282441 0.303739
5.060000 -0.019286 0.107872 -0.019286 0.009766 -0.002174 0.893621 0.306060 0.587560
5.070000 0.032637 0.194808 0.032637 0.009725 -0.002109 0.977340 0.306982 0.670357
5.080000 -0.056896 0.128450 -0.056896 0.009678 -0.002027 0.931209 0.355426 0.575783
5.090000 0.004846 0.024830 0.004846 0.009613 -0.001889 1.178702 0.322326 0.856376
5.100000 0.011355 0.133570 0.011355 0.009564 -0.001813 1.127892 0.296828 0.831064
5.110000 0.003594 0.306697 0.003594 0.009526 -0.001791 0.822377 0.288427 0.533950
5.120000 -0.031691 -0.236495 -0.031691 0.009481 -0.001744 0.952681 0.327246 0.625436
5.130000 -0.013852 0.240192 -0.013852 0.009420 -0.001648 0.775101 0.339909 0.435192
5.140000 0.004294 0.270704 0.004294 0.009363 -0.001570 0.862089 0.295894 0.566195
5.150000 -0.045969 -0.015121 -0.045969 0.009293 -0.001451 0.882264 0.302263 0.580001
5.160000 -0.006424 0.159489 -0.006424 0.009209 -0.001282 0.869197 0.363158 0.506039
5.170000 0.004931 0.049138 0.004931 0.009134 -0.001151 0.765229 0.313334 0.451895
5.180000 -0.030490 0.136258 -0.030490 0.009055 -0.001014 0.880688 0.293534 0.587154
5.190000 -0.017707 0.358816 -0.017707 0.008964 -0.000834 1.256412 0.319428 0.936984
5.200000 0.035440 0.044326 0.035440 0.008892 -0.000727 1.058617 0.351270 0.707346
5.210000 -0.002135 0.180018 -0.002135 0.008843 -0.000708 1.013134 0.309951 0.703183
5.220000 -0.018073 -0.088164 -0.018073 0.008790 -0.000679 1.154619 0.292622 0.861997
5.230000 -0.047606 0.028459 -0.047606 0.008714 -0.000564 0.704951 0.287827 0.417124
5.240000 0.023721 0.026822 0.023721 0.008637 -0.000447 0.815562 0.292153 0.523409
5.250000 0.008503 0.274769 0.008503 0.008582 -0.000417 0.958527 0.290733 0.667794
5.260000 -0.062946 0.150529 -0.062946 0.008509 -0.000319 1.080130 0.343063 0.737067
5.270000 -0.045670 0.075201 -0.045670 0.008396 -0.000073 0.499059 0.287251 0.211808
5.280000 0.003009 0.017840 0.003009 0.008277 0.000195 0.914989 0.283578 0.631411
5.290000 0.035648 0.118132 0.035648 0.008189 0.000348 0.832092 0.294068 0.538024
5.300000 -0.047703 0.232162 -0.047703 0.008105 0.000489 0.758634 0.290144 0.468490
5.310000 0.054341 -0.139745 0.054341 0.008034 0.000581 0.933721 0.286829 0.646892
5.320000 0.006196 -0.159308 0.006196 0.007997 0.000546 0.809788 0.314815 0.494973
5.330000 -0.007156 -0.131262 -0.007156 0.007964 0.000501 0.622209 0.282087 0.340122
5.340000 0.046030 -0.184925 0.046030 0.007952 0.000377 0.774320 0.280898 0.493422
5.350000 -0.019693 -0.027330 -0.019693 0.007953 0.000207 0.955031 0.278008 0.677023
5.360000 -0.034175 -0.003108 -0.034175 0.007929 0.000130 1.061015 0.336827 0.724188
5.370000 0.017787 -0.003359 0.017787 0.007901 0.000068 0.928677 0.303538 0.625139
5.380000 -0.040833 0.068639 -0.040833 0.007866 0.000036 0.930154 0.316526 0.613628
5.390000 0.012061 -0.190005 0.012061 0.007822 0.000035 0.710144 0.280811 0.429332
5.400000 -0.041330 0.006821 -0.041330 0.007770 0.000066 0.874388 0.330168 0.544220
5.410000 0.031984 -0.149417 0.031984 0.007720 0.000089 0.854353 0.300879 0.553474
5.420000 -0.017045 0.118807 -0.017045 0.007682 0.000067 0.869390 0.294659 0.574730
5.430000 0.009066 -0.015304 0.009066 0.007645 0.000042 0.918025 0.282571 0.635454
5.440000 0.027405 0.044207 0.027405 0.007628 -0.000059 0.830219 0.291666 0.538554
5.450000 -0.049496 -0.071717 -0.049496 0.007603 -0.000129 0.931580 0.291490 0.640089
5.460000 0.013039 0.116216 0.013039 0.007565 -0.000151 0.955680 0.303977 0.651702
5.470000 -0.048488 0.062040 -0.048488 0.007515 -0.000128 0.886393 0.328156 0.558238
5.480000 -0.024947 0.065991 -0.024947 0.007438 -0.000006 0.675903 0.275475 0.400428
5.490000 -0.036267 0.045659 -0.036267 0.007342 0.000187 0.733578 0.282470 0.451107
5.500000 0.006028 0.170357 0.006028 0.007244 0.000389 0.887042 0.287959 0.599083
5.510000 -0.034904 -0.256964 -0.034904 0.007144 0.000601 0.848821 0.281634 0.567187
5.520000 -0.010841 0.152521 -0.010841 0.007035 0.000848 0.803982 0.337569 0.466414
5.530000 0.072609 -0.177206 0.072609 0.006967 0.000948 0.901925 0.291634 0.610291
5.540000 -0.026121 0.003509 -0.026121 0.006925 0.000948 0.838657 0.295118 0.543539
5.550000 -0.050236 -0.098466 -0.050236 0.006854 0.001063 0.943543 0.292009 0.651534
5.560000 -0.041649 0.040838 -0.041649 0.006750 0.001306 0.947546 0.317777 0.629769
5.570000 -0.004575 0.059892 -0.004575 0.006637 0.001586 0.653469 0.293982 0.359487
5.580000 0.062577 -0.143614 0.062577 0.006564 0.001726 0.755961 0.288254 0.467707
5.590000 0.014905 0.361269 0.014905 0.006532 0.001715 1.456073 0.306618 1.149455
5.600000 0.029976 -0.034504 0.029976 0.006523 0.001623 0.918343 0.334540 0.583803
5.610000 -0.035458 0.168958 -0.035458 0.006513 0.001545 0.600465 0.296600 0.303866
5.620000 0.006841 0.243784 0.006841 0.006490 0.001515 1.044755 0.298556 0.746198
5.630000 -0.019760 -0.065126 -0.019760 0.006465 0.001505 0.937223 0.303632 0.633591
5.640000 -0.027928 0.171297 -0.027928 0.006420 0.001571 0.839350 0.289779 0.549571
5.650000 -0.029783 0.110025 -0.029783 0.006355 0.001721 0.728125 0.298062 0.430063
5.660000 0.001119 0.124605 0.001119 0.006284 0.001897 0.787715 0.307668 0.480047
5.670000 -0.005900 0.086025 -0.005900 0.006219 0.002059 0.841697 0.331131 0.510566
5.680000 -0.029264 0.229379 -0.029264 0.006145 0.002263 0.969839 0.337700 0.632139
5.690000 -0.000835 -0.200695 -0.000835 0.006065 0.002494 0.830730 0.279076 0.551654
5.700000 -0.016750 0.252066 -0.016750 0.005987 0.002732 0.781782 0.299221 0.482561
5.710000 0.028132 0.116899 0.028132 0.005922 0.002928 0.917495 0.280963 0.636532
5.720000 -0.024675 -0.184416 -0.024675 0.005865 0.003105 0.967261 0.298280 0.668981
5.730000 -0.023074 0.259142 -0.023074 0.005793 0.003351 0.871853 0.303332 0.568521
5.740000 0.097435 0.203232 0.097435 0.005762 0.003453 0.902560 0.314405 0.588154
5.750000 0.040116 -0.010819 0.040116 0.005795 0.003329 0.864268 0.288330 0.575938
5.760000 0.014536 0.172143 0.014536 0.005848 0.003143 1.220720 0.285724 0.934996
5.770000 0.009842 -0.091808 0.009842 0.005905 0.002952 0.879067 0.333000 0.546067
5.780000 -0.029493 -0.053399 -0.029493 0.005947 0.002832 0.766902 0.312165 0.454737
5.790000 0.052278 0.055736 0.052278 0.005994 0.002701 0.773593 0.283420 0.490173
5.800000 -0.041390 -0.086630 -0.041390 0.006039 0.002586 0.722152 0.291050 0.431102
5.810000 0.033598 0.297502 0.033598 0.006076 0.002512 1.245719 0.293430 0.952289
5.820000 -0.044375 0.226079 -0.044375 0.006103 0.002484 0.957583 0.296484 0.661099
5.830000 -0.024314 0.189106 -0.024314 0.006096 0.002593 0.815293 0.306815 0.508478
5.840000 0.015152 0.026763 0.015152 0.006086 0.002724 0.951173 0.283565 0.667608
5.850000 0.024409 0.305611 0.024409 0.006094 0.002796 1.079287 0.307267 0.772020
5.860000 -0.010748 0.067302 -0.010748 0.006107 0.002861 1.172007 0.317568 0.854440
5.870000 0.025485 0.050033 0.025485 0.006124 0.002919 1.100056 0.331396 0.768660
5.880000 0.002730 -0.015225 0.002730 0.006152 0.002950 0.759878 0.304582 0.455295
5.890000 0.016801 0.161729 0.016801 0.006185 0.002972 0.975197 0.320816 0.654380
5.900000 0.100356 0.418354 0.100356 0.006266 0.002822 1.013950 0.348049 0.665901
5.910000 0.055442 -0.032060 0.055442 0.006407 0.002460 0.687689 0.307767 0.379922
5.920000 0.009517 0.119087 0.009517 0.006560 0.002062 0.556260 0.284259 0.272000
5.930000 -0.010771 -0.169031 -0.010771 0.006694 0.001740 0.872419 0.274925 0.597495
5.940000 0.002586 0.183086 0.002586 0.006810 0.001495 0.562261 0.289910 0.272351
5.950000 0.057833 0.066074 0.057833 0.006940 0.001203 0.804898 0.327940 0.476958
5.960000 0.007426 0.336311 0.007426 0.007084 0.000863 0.936313 0.325588 0.610725
5.970000 0.102639 0.089655 0.102639 0.007261 0.000401 0.883643 0.329053 0.554590
5.980000 0.048272 0.063905 0.048272 0.007485 -0.000234 0.929744 0.339493 0.590251
5.990000 -0.041488 0.091314 -0.041488 0.007685 -0.000785 1.181879 0.297605 0.884274
6.000000 -0.010297 0.119959 -0.010297 0.007841 -0.001168 0.791439 0.299288 0.492151
6.010000 0.008300 0.100179 0.008300 0.007979 -0.001488 0.817661 0.310002 0.507658
6.020000 -0.029646 0.170374 -0.029646 0.008091 -0.001720 0.847624 0.310543 0.537081
6.030000 0.065879 -0.135162 0.065879 0.008208 -0.001975 1.173391 0.315071 0.858319
6.040000 0.029807 -0.184310 0.029807 0.008355 -0.002347 1.041448 0.333146 0.708303
6.050000 0.037098 0.010076 0.037098 0.008515 -0.002780 1.061386 0.358322 0.703063
6.060000 -0.037964 0.189909 -0.037964 0.008656 -0.003153 1.006749 0.287837 0.718912
6.070000 -0.020749 0.069289 -0.020749 0.008757 -0.003382 0.969176 0.295351 0.673825
6.080000 -0.020501 0.023495 -0.020501 0.008828 -0.003515 0.952022 0.302443 0.649580
6.090000 -0.018185 0.049071 -0.018185 0.008874 -0.003568 0.610346 0.303498 0.306848
6.100000 -0.057923 0.066826 -0.057923 0.008882 -0.003489 1.019335 0.333524 0.685812
6.110000 -0.044323 -0.063961 -0.044323 0.008844 -0.003251 0.815886 0.306895 0.508991
6.120000 0.018265 0.148925 0.018265 0.008799 -0.003002 0.983856 0.283728 0.700128
6.130000 -0.016769 0.221416 -0.016769 0.008761 -0.002785 1.024109 0.306456 0.717653
6.140000 -0.030494 -0.040817 -0.030494 0.008706 -0.002518 1.084581 0.322150 0.762432
6.150000 0.013979 -0.112688 0.013979 0.008651 -0.002258 0.721011 0.301473 0.419538
6.160000 -0.017545 0.053564 -0.017545 0.008600 -0.002024 0.781150 0.302147 0.479003
6.170000 0.046264 0.036121 0.046264 0.008569 -0.001870 1.115196 0.311212 0.803983
6.180000 -0.040576 0.083003 -0.040576 0.008543 -0.001744 0.900712 0.280235 0.620477
6.190000 0.052887 0.074397 0.052887 0.008527 -0.001660 1.065274 0.290981 0.774293
6.200000 -0.013591 -0.035104 -0.013591 0.008530 -0.001653 0.679809 0.302138 0.377671
6.210000 -0.002776 0.181684 -0.002776 0.008525 -0.001626 0.757285 0.283318 0.473967
6.220000 0.005258 0.348176 0.005258 0.008523 -0.001611 1.140241 0.289027 0.851214
6.230000 -0.040691 0.273114 -0.040691 0.008505 -0.001543 1.080815 0.333507 0.747308
6.240000 0.028892 0.198029 0.028892 0.008484 -0.001473 0.957582 0.310549 0.647033
6.250000 -0.062200 -0.213421 -0.062200 0.008451 -0.001359 0.873282 0.314302 0.558979
6.260000 0.026526 0.301216 0.026526 0.008406 -0.001208 1.081213 0.316984 0.764230
6.270000 -0.027951 -0.026315 -0.027951 0.008366 -0.001077 0.898748 0.318077 0.580671
6.280000 -0.048827 0.083925 -0.048827 0.008295 -0.000839 0.908678 0.377338 0.531340
6.290000 -0.051066 0.141231 -0.051066 0.008189 -0.000468 0.987396 0.295841 0.691555
6.300000 0.013055 -0.071609 0.013055 0.008078 -0.000082 0.599567 0.279753 0.319814
6.310000 0.028550 -0.122308 0.028550 0.007998 0.000187 0.807802 0.296791 0.511010
6.320000 0.075083 -0.077775 0.075083 0.007974 0.000248 0.759239 0.343895 0.415345
6.330000 0.007951 -0.108736 0.007951 0.007989 0.000164 0.835701 0.309139 0.526561
6.340000 0.015045 -0.101759 0.015045 0.008012 0.000049 0.832981 0.280417 0.552563
6.350000 0.008272 -0.058087 0.008272 0.008043 -0.000095 0.776512 0.281601 0.494911
6.360000 -0.029658 -0.080248 -0.029658 0.008061 -0.000190 0.576006 0.283550 0.292455
6.370000 -0.023591 0.059624 -0.023591 0.008053 -0.000189 0.605332 0.286579 0.318753
6.380000 -0.016107 0.039592 -0.016107 0.008028 -0.000127 0.801914 0.280969 0.520945
6.390000 0.013769 -0.069507 0.013769 0.008006 -0.000072 0.841901 0.288580 0.553321
6.400000 0.005216 -0.074252 0.005216 0.007994 -0.000059 0.924183 0.318270 0.605912
6.410000 -0.007226 -0.012680 -0.007226 0.007983 -0.000047 0.931936 0.287202 0.644734
6.420000 -0.027286 -0.121101 -0.027286 0.007957 0.000018 0.907001 0.326065 0.580936
6.430000 -0.010083 0.297651 -0.010083 0.007918 0.000134 1.052565 0.315715 0.736850
6.440000 0.009827 0.057771 0.009827 0.007883 0.000234 0.708125 0.292367 0.415758
6.450000 -0.017706 -0.021849 -0.017706 0.007849 0.000334 0.733160 0.282529 0.450631
6.460000 -0.021977 -0.177938 -0.021977 0.007800 0.000488 0.972599 0.274643 0.697956
6.470000 0.046290 0.074080 0.046290 0.007769 0.000580 1.023666 0.340239 0.683428
6.480000 -0.038787 0.009384 -0.038787 0.007743 0.000652 0.829888 0.300539 0.529349
6.490000 0.088390 0.255217 0.088390 0.007743 0.000629 1.025841 0.299214 0.726626
6.500000 -0.046515 0.055694 -0.046515 0.007761 0.000543 1.213258 0.309790 0.903468
6.510000 0.017675 0.043636 0.017675 0.007764 0.000513 0.717880 0.300004 0.417876
6.520000 0.010635 0.223908 0.010635 0.007780 0.000440 0.819789 0.285474 0.534315
6.530000 -0.016001 0.215997 -0.016001 0.007791 0.000385 0.704302 0.304353 0.399949
6.540000 -0.024298 0.066327 -0.024298 0.007782 0.000404 0.895181 0.300324 0.594857
6.550000 0.064189 0.431459 0.064189 0.007794 0.000351 0.890529 0.292795 0.597734
6.560000 -0.014482 0.082191 -0.014482 0.007825 0.000224 0.778894 0.301402 0.477492
6.570000 -0.056942 0.027057 -0.056942 0.007820 0.000232 0.710362 0.286265 0.424096
6.580000 0.091148 -0.290367 0.091148 0.007833 0.000177 1.044271 0.335406 0.708865
6.590000 -0.009874 -0.170932 -0.009874 0.007879 -0.000004 1.037692 0.329970 0.707722
6.600000 -0.046810 0.027090 -0.046810 0.007895 -0.000070 0.719713 0.290519 0.429194
6.610000 -0.012514 0.208879 -0.012514 0.007882 -0.000032 0.775790 0.317748 0.458043
6.620000 -0.012522 -0.080619 -0.012522 0.007860 0.000043 0.589869 0.292948 0.296921
6.630000 -0.011096 -0.330759 -0.011096 0.007830 0.000148 0.817544 0.283805 0.533739
6.640000 0.042957 -0.222497 0.042957 0.007818 0.000186 0.934037 0.364423 0.569614
6.650000 0.007851 -0.169174 0.007851 0.007830 0.000136 0.995703 0.300214 0.695489
6.660000 -0.008815 -0.183024 -0.008815 0.007840 0.000094 0.925141 0.279234 0.645908
6.670000 0.015363 0.236656 0.015363 0.007851 0.000044 1.076719 0.294845 0.781873
6.680000 -0.031282 0.166811 -0.031282 0.007854 0.000028 1.063262 0.336869 0.726393
6.690000 0.000654 0.116311 0.000654 0.007843 0.000063 0.789680 0.299847 0.489833
6.700000 0.057893 -0.049615 0.057893 0.007860 -0.000006 0.845724 0.309974 0.535749
6.710000 -0.053353 0.011434 -0.053353 0.007876 -0.000071 0.703229 0.351294 0.351934
6.720000 -0.012593 0.128609 -0.012593 0.007862 -0.000022 1.220441 0.292178 0.928262
6.730000 0.002048 0.224785 0.002048 0.007844 0.000039 0.823856 0.299200 0.524656
6.740000 -0.016697 0.171688 -0.016697 0.007822 0.000117 0.844792 0.292498 0.552294
6.750000 -0.057400 0.164602 -0.057400 0.007769 0.000311 0.603388 0.318397 0.284991
6.760000 0.090563 -0.092043 0.090563 0.007738 0.000424 1.146636 0.310482 0.836154
6.770000 0.012387 -0.042627 0.012387 0.007755 0.000357 0.662193 0.294832 0.367361
6.780000 0.054233 -0.091006 0.054233 0.007800 0.000186 0.693353 0.358216 0.335137
6.790000 0.050155 -0.135322 0.050155 0.007887 -0.000139 1.078361 0.369623 0.708738
6.800000 -0.056792 -0.000688 -0.056792 0.007960 -0.000414 0.922355 0.291814 0.630541
6.810000 0.014211 0.221952 0.014211 0.008007 -0.000591 1.052689 0.308530 0.744160
6.820000 -0.015762 0.050836 -0.015762 0.008047 -0.000747 0.730069 0.292904 0.437165
6.830000 -0.020522 -0.160644 -0.020522 0.008067 -0.000828 0.802631 0.293475 0.509156
6.840000 0.001410 -0.258537 0.001410 0.008076 -0.000874 0.953722 0.320307 0.633415
6.850000 -0.016539 -0.147928 -0.016539 0.008078 -0.000894 0.922665 0.303279 0.619387
6.860000 -0.026591 0.054831 -0.026591 0.008060 -0.000844 0.993490 0.307314 0.686176
6.870000 0.031252 -0.101048 0.031252 0.008047 -0.000815 1.065474 0.306724 0.758750
6.880000 0.041247 0.058710 0.041247 0.008068 -0.000916 0.931253 0.334270 0.596983
6.890000 -0.014914 0.013352 -0.014914 0.008098 -0.001055 0.642744 0.290246 0.352497
6.900000 0.074591 0.183209 0.074591 0.008152 -0.001288 1.323125 0.329366 0.993760
6.910000 -0.024926 0.048314 -0.024926 0.008222 -0.001583 0.701358 0.291543 0.409815
6.920000 -0.034994 -0.184406 -0.034994 0.008257 -0.001755 0.811232 0.369061 0.442171
6.930000 -0.014864 0.011168 -0.014864 0.008266 -0.001838 1.090577 0.357516 0.733061
6.940000 -0.005285 0.098810 -0.005285 0.008266 -0.001891 0.675153 0.282331 0.392822
6.950000 -0.050646 -0.063349 -0.050646 0.008241 -0.001857 1.087286 0.296474 0.790812
6.960000 -0.077131 0.214355 -0.077131 0.008162 -0.001628 0.786829 0.298139 0.488690
6.970000 -0.018289 -0.124889 -0.018289 0.008050 -0.001282 0.906569 0.300723 0.605846
6.980000 0.018246 0.024783 0.018246 0.007951 -0.000990 0.717972 0.306407 0.411564
6.990000 -0.013600 0.302567 -0.013600 0.007865 -0.000750 0.957412 0.285363 0.672049
