0.000000 -0.918476 -0.918476 nan -0.000417 3.140031 1765.115234 nan nan
0.010000 -0.823518 -0.823518 nan -0.001560 3.135752 1750.702637 nan nan
0.020000 -0.909438 -0.909438 nan -0.003344 3.129088 1736.858765 nan nan
0.030000 -0.837310 -0.837310 nan -0.005702 3.120322 1722.537109 nan nan
0.040000 -0.831063 -0.831063 nan -0.008533 3.109861 1707.549072 nan nan
0.050000 -0.837478 -0.837478 nan -0.011783 3.097949 1694.420288 nan nan
0.060000 -0.731090 -0.731090 nan -0.015356 3.084986 1680.964722 nan nan
0.070000 -0.731288 -0.731288 nan -0.019167 3.071337 1669.486694 nan nan
0.080000 -0.752640 -0.752640 nan -0.023199 3.057125 1658.040649 nan nan
0.090000 -0.724917 -0.724917 nan -0.027419 3.042518 1647.681274 nan nan
0.100000 -0.748709 -0.748709 nan -0.031803 3.027662 1637.135620 nan nan
0.110000 -0.737527 -0.737527 nan -0.036336 3.012672 1627.422607 nan nan
0.120000 -0.722737 -0.722737 nan -0.040986 2.997717 1617.723022 nan nan
0.130000 -0.733375 -0.733375 nan -0.045737 2.982917 1608.748413 nan nan
0.140000 -0.709990 -0.709990 nan -0.050569 2.968399 1600.326660 nan nan
0.150000 -0.768262 -0.768262 nan -0.055486 2.954198 1592.189819 nan nan
0.160000 -0.759782 -0.759782 nan -0.060499 2.940331 1583.546509 nan nan
0.170000 -0.809456 -0.809456 nan -0.065612 2.926827 1576.300171 nan nan
0.180000 -0.845180 -0.845180 nan -0.070852 2.913648 1567.431152 nan nan
0.190000 -0.745984 -0.745984 nan -0.076172 2.901005 1560.160400 nan nan
0.200000 -0.796439 -0.796439 nan -0.081541 2.889059 1552.705688 nan nan
0.210000 -0.810577 -0.810577 nan -0.086981 2.877776 1546.339844 nan nan
0.220000 -0.825103 -0.825103 nan -0.092494 2.867185 1540.289917 nan nan
0.230000 -0.783858 -0.783858 nan -0.098060 2.857402 1533.640503 nan nan
0.240000 -0.826487 -0.826487 nan -0.103672 2.848484 1528.500732 nan nan
0.250000 -0.753889 -0.753889 nan -0.109310 2.840534 1523.747925 nan nan
0.260000 -0.863452 -0.863452 nan -0.114988 2.833532 1519.756958 nan nan
0.270000 -0.780732 -0.780732 nan -0.120712 2.827484 1514.291626 nan nan
0.280000 -0.779174 -0.779174 nan -0.126438 2.822561 1510.704346 nan nan
0.290000 -0.830242 -0.830242 nan -0.132189 2.818704 1509.888428 nan nan
0.300000 -0.841722 -0.841722 nan -0.137988 2.815842 1507.236816 nan nan
0.310000 -0.829452 -0.829452 nan -0.143830 2.814007 1503.884888 nan nan
0.320000 -0.795899 -0.795899 nan -0.149688 2.813295 1504.722412 nan nan
0.330000 -0.772072 -0.772072 nan -0.155537 2.813803 1503.423340 nan nan
0.340000 -0.821448 -0.821448 nan -0.161389 2.815484 1504.466797 nan nan
0.350000 -0.749658 -0.749658 nan -0.167233 2.818372 1503.930298 nan nan
0.360000 -0.716154 -0.716154 nan -0.173024 2.822615 1506.464966 nan nan
0.370000 -0.776252 -0.776252 nan -0.178782 2.828131 1509.116699 nan nan
0.380000 -0.786066 -0.786066 nan -0.184540 2.834780 1512.397827 nan nan
0.390000 -0.814350 -0.814350 nan -0.190316 2.842475 1515.980347 nan nan
0.400000 -0.831933 -0.831933 nan -0.196129 2.851122 1519.751221 nan nan
0.410000 -0.849161 -0.849161 nan -0.201990 2.860646 1522.557251 nan nan
0.420000 -0.819051 -0.819051 nan -0.207891 2.871051 1528.251953 nan nan
0.430000 -0.698855 -0.698855 nan -0.213760 2.882552 1535.301514 nan nan
0.440000 -0.501131 -0.501131 nan -0.219462 2.895601 1537.989136 nan nan
0.450000 -0.233274 -0.233274 nan -0.224811 2.910830 1535.243652 nan nan
0.460000 -0.001190 -0.001190 nan -0.229627 2.928844 1529.623657 nan nan
0.470000 0.124323 0.124323 nan -0.233814 2.949940 1524.330444 nan nan
0.480000 0.485520 0.485520 nan -0.237227 2.974587 1517.255981 nan nan
0.490000 0.667466 0.667466 nan -0.239715 3.003264 1508.940552 nan nan
0.500000 0.783143 0.783143 nan -0.241253 3.035975 1496.315186 nan nan
0.510000 0.775668 0.775668 nan -0.241905 3.072377 1482.331055 nan nan
0.520000 0.794318 0.794318 nan -0.241772 3.111972 1467.892578 nan nan
0.530000 0.933543 0.933543 nan -0.240877 3.154526 1450.481812 nan nan
0.540000 0.921265 0.921265 nan -0.239262 3.199733 1431.895508 nan nan
0.550000 0.921601 0.921601 nan -0.237024 3.247057 1412.902710 nan nan
0.560000 0.955883 0.955883 nan -0.234230 3.296063 1393.915771 nan nan
0.570000 0.930783 0.930783 nan -0.230955 3.346291 1375.063232 nan nan
0.580000 0.941986 0.941986 nan -0.227271 3.397268 1357.250122 nan nan
0.590000 0.933882 0.933882 nan -0.223238 3.448583 1339.504639 nan nan
0.600000 0.935195 0.935195 nan -0.218912 3.499837 1321.981934 nan nan
0.610000 0.959314 0.959314 nan -0.214325 3.550714 1304.843994 nan nan
0.620000 0.935225 0.935225 nan -0.209518 3.600887 1287.973877 nan nan
0.630000 0.990601 0.990601 nan -0.204511 3.650102 1271.105469 nan nan
0.640000 0.968044 0.968044 nan -0.199319 3.698133 1255.558716 nan nan
0.650000 1.000000 1.000000 nan -0.193964 3.744740 1239.589844 nan nan
0.660000 0.862695 0.862695 nan -0.188513 3.789559 1224.378296 nan nan
0.670000 0.871659 0.871659 nan -0.183031 3.832253 1211.125854 nan nan
0.680000 0.901917 0.901917 nan -0.177504 3.872734 1198.191406 nan nan
0.690000 0.703359 0.703359 nan -0.172005 3.910681 1186.309204 nan nan
0.700000 0.752833 0.752833 nan -0.166590 3.945847 1174.730591 nan nan
0.710000 0.741054 0.741054 nan -0.161228 3.978223 1165.818848 nan nan
0.720000 0.787627 0.787627 nan -0.155895 4.007795 1156.004150 nan nan
0.730000 0.729692 0.729692 nan -0.150589 4.034502 1147.106201 nan nan
0.740000 0.721103 0.721103 nan -0.145328 4.058238 1139.724609 nan nan
0.750000 0.654193 0.654193 nan -0.140134 4.078903 1131.670410 nan nan
0.760000 0.543277 0.543277 nan -0.135067 4.096323 1125.156616 nan nan
0.770000 0.430170 0.430170 nan -0.130199 4.110309 1120.129272 nan nan
0.780000 0.662531 0.662531 nan -0.125456 4.120996 1115.635742 nan nan
0.790000 0.607483 0.607483 nan -0.120754 4.128546 1110.129150 nan nan
0.800000 0.546288 0.546288 nan -0.116132 4.132860 1105.315552 nan nan
0.810000 0.690902 0.690902 nan -0.111548 4.134020 1099.737671 nan nan
0.820000 0.750594 0.750594 nan -0.106915 4.132199 1096.554321 nan nan
0.830000 0.738840 0.738840 nan -0.102221 4.127429 1091.019531 nan nan
0.840000 0.746632 0.746632 nan -0.097473 4.119702 1086.350342 nan nan
0.850000 0.842413 0.842413 nan -0.092638 4.109109 1082.311646 nan nan
0.860000 0.742940 0.742940 nan -0.087729 4.095643 1079.962646 nan nan
0.870000 0.438905 0.438905 nan -0.082921 4.078956 1076.854858 nan nan
0.880000 0.508657 0.508657 nan -0.078299 4.058892 1078.104980 nan nan
0.890000 0.488379 0.488379 nan -0.073831 4.035558 1078.025146 nan nan
0.900000 0.702589 0.702589 nan -0.069424 4.009213 1078.167603 nan nan
0.910000 0.631726 0.631726 nan -0.065023 3.980049 1077.321777 nan nan
0.920000 0.479468 0.479468 nan -0.060724 3.947895 1078.183472 nan nan
0.930000 0.395975 0.395975 nan -0.056617 3.912585 1082.796753 nan nan
0.940000 0.377864 0.377864 nan -0.052730 3.874121 1088.965576 nan nan
0.950000 0.369264 0.369264 nan -0.049056 3.832603 1097.086914 nan nan
0.960000 0.505222 0.505222 nan -0.045524 3.788335 1101.679565 nan nan
0.970000 0.579525 0.579525 nan -0.042032 3.741731 1108.667114 nan nan
0.980000 0.515799 0.515799 nan -0.038573 3.692950 1115.665771 nan nan
0.990000 0.610915 0.610915 nan -0.035126 3.642205 1125.026489 nan nan
1.000000 0.425586 0.425586 nan -0.031726 3.589536 1133.533936 nan nan
1.010000 0.325711 0.325711 nan -0.028485 3.534737 1142.349976 nan nan
1.020000 0.366798 0.366798 nan -0.025404 3.477981 1154.188965 nan nan
1.030000 0.191345 0.191345 nan -0.022514 3.419329 1163.076172 nan nan
1.040000 -0.592639 -0.592639 nan -0.020211 3.357546 1168.458984 nan nan
1.050000 -0.808190 -0.808190 nan -0.018855 3.291511 1172.698730 nan nan
1.060000 -0.903306 -0.903306 nan -0.018462 3.221357 1172.115845 nan nan
1.070000 -0.965205 -0.965205 nan -0.018973 3.147535 1165.404785 nan nan
1.080000 -0.963899 -0.963899 nan -0.020286 3.070686 1153.675659 nan nan
1.090000 -0.965477 -0.965477 nan -0.022279 2.991558 1142.723511 nan nan
1.100000 -0.965617 -0.965617 nan -0.024839 2.910874 1132.070557 nan nan
1.110000 -0.962325 -0.962325 nan -0.027865 2.829331 1122.464600 nan nan
1.120000 -0.996367 -0.996367 nan -0.031282 2.747522 1112.756470 nan nan
1.130000 -0.996768 -0.996768 nan -0.035028 2.665985 1103.618286 nan nan
1.140000 -0.999347 -0.999347 nan -0.039039 2.585248 1094.445312 nan nan
1.150000 -0.981836 -0.981836 nan -0.043255 2.505797 1084.107300 nan nan
1.160000 -0.977654 -0.977654 nan -0.047628 2.428055 1073.938599 nan nan
1.170000 -0.992753 -0.992753 nan -0.052134 2.352341 1062.990845 nan nan
1.180000 -0.998389 -0.998389 nan -0.056762 2.278914 1052.784668 nan nan
1.190000 -0.998517 -0.998517 nan -0.061501 2.208010 1043.290405 nan nan
1.200000 -0.998488 -0.998488 nan -0.066343 2.139830 1034.123047 nan nan
1.210000 -0.951534 -0.951534 nan -0.071268 2.074581 1023.968689 nan nan
1.220000 -0.900258 -0.900258 nan -0.076237 2.012468 1015.109558 nan nan
1.230000 -0.956622 -0.956622 nan -0.081265 1.953589 1006.291748 nan nan
1.240000 -0.705046 -0.705046 nan -0.086282 1.898130 997.145691 nan nan
1.250000 -0.230656 -0.230656 nan -0.091022 1.846475 989.276917 nan nan
1.260000 -0.166264 -0.166264 nan -0.095328 1.798804 982.324463 nan nan
1.270000 0.312328 0.312328 nan -0.099049 1.755203 975.558472 nan nan
1.280000 0.574263 0.574263 nan -0.101977 1.715762 969.017883 nan nan
1.290000 0.673299 0.673299 nan -0.104069 1.680415 961.828674 nan nan
1.300000 0.685186 0.685186 nan -0.105381 1.649046 956.383423 nan nan
1.310000 0.459566 0.459566 nan -0.106085 1.621528 950.242920 nan nan
1.320000 0.142277 0.142277 nan -0.106461 1.597752 945.411499 nan nan
1.330000 -0.158929 -0.158929 nan -0.106788 1.577661 939.032410 nan nan
1.340000 -0.118973 -0.118973 nan -0.107176 1.561247 933.006836 nan nan
1.350000 -0.159160 -0.159160 nan -0.107626 1.548514 927.104614 nan nan
1.360000 -0.510873 -0.510873 nan -0.108291 1.539479 922.328064 nan nan
1.370000 -0.581173 -0.581173 nan -0.109312 1.534161 916.874207 nan nan
1.380000 -0.664668 -0.664668 nan -0.110717 1.532573 910.674927 nan nan
1.390000 -0.610412 -0.610412 nan -0.112480 1.534711 905.631836 nan nan
1.400000 -0.548057 -0.548057 nan -0.114519 1.540563 899.744019 nan nan
1.410000 -0.427470 -0.427470 nan -0.116736 1.550113 893.468018 nan nan
1.420000 -0.511699 -0.511699 nan -0.119095 1.563351 887.083313 nan nan
1.430000 -0.509928 -0.509928 nan -0.121611 1.580272 881.343201 nan nan
1.440000 -0.715596 -0.715596 nan -0.124339 1.600863 875.534058 nan nan
1.450000 -0.655446 -0.655446 nan -0.127304 1.625104 867.706421 nan nan
1.460000 -0.785711 -0.785711 nan -0.130504 1.652969 859.650391 nan nan
1.470000 -0.854792 -0.854792 nan -0.133978 1.684415 852.400818 nan nan
1.480000 -0.906148 -0.906148 nan -0.137736 1.719394 843.581482 nan nan
1.490000 -0.895548 -0.895548 nan -0.141752 1.757869 835.760010 nan nan
1.500000 -0.895286 -0.895286 nan -0.145983 1.799809 825.302002 nan nan
1.510000 -0.772032 -0.772032 nan -0.150343 1.845223 813.809631 nan nan
1.520000 -0.728966 -0.728966 nan -0.154743 1.894140 801.509705 nan nan
1.530000 -0.670948 -0.670948 nan -0.159120 1.946571 789.102844 nan nan
1.540000 -0.571979 -0.571979 nan -0.163401 2.002560 775.935181 nan nan
1.550000 -0.542179 -0.542179 nan -0.167526 2.062133 762.563721 nan nan
1.560000 -0.647929 -0.647929 nan -0.171526 2.125167 750.078491 nan nan
1.570000 -0.420045 -0.420045 nan -0.175347 2.191687 734.997070 nan nan
1.580000 -0.040405 -0.040405 nan -0.178747 2.262125 719.649292 nan nan
1.590000 0.077941 0.077941 nan -0.181553 2.336818 702.063049 nan nan
1.600000 0.405816 0.405816 nan -0.183625 2.416073 682.805359 nan nan
1.610000 0.577604 0.577604 nan -0.184821 2.500228 662.830811 nan nan
1.620000 0.725066 0.725066 nan -0.185089 2.589371 640.888306 nan nan
1.630000 0.717059 0.717059 nan -0.184468 2.683274 615.450012 nan nan
1.640000 0.691589 0.691589 nan -0.183080 2.781378 591.451599 nan nan
1.650000 0.779364 0.779364 nan -0.181005 2.883181 564.815796 nan nan
1.660000 0.899335 0.899335 nan -0.178270 2.988317 536.645142 nan nan
1.670000 0.975038 0.975038 nan -0.174914 3.096309 505.404816 nan nan
1.680000 0.978297 0.978297 nan -0.171039 3.206411 471.052094 nan nan
1.690000 1.000000 1.000000 nan -0.166765 3.317765 440.706512 nan nan
1.700000 1.000000 1.000000 nan -0.162205 3.429530 407.199341 nan nan
1.710000 1.000000 1.000000 nan -0.157465 3.540901 378.679199 nan nan
1.720000 0.965903 0.965903 nan -0.152646 3.651118 350.681610 nan nan
1.730000 0.965753 0.965753 nan -0.147826 3.759549 326.745331 nan nan
1.740000 0.965750 0.965750 nan -0.143046 3.865731 304.869751 nan nan
1.750000 0.965659 0.965659 nan -0.138328 3.969303 285.928497 nan nan
1.760000 0.965726 0.965726 nan -0.133682 4.069988 266.183746 nan nan
1.770000 0.968354 0.968354 nan -0.129102 4.167581 247.832474 nan nan
1.780000 0.968538 0.968538 nan -0.124575 4.261927 230.908798 nan nan
1.790000 1.000000 1.000000 nan -0.120070 4.352926 215.521500 nan nan
1.800000 1.000000 1.000000 nan -0.115554 4.440497 201.950653 nan nan
1.810000 1.000000 1.000000 nan -0.111004 4.524559 191.499847 nan nan
1.820000 1.000000 1.000000 nan -0.106398 4.605049 181.069901 nan nan
1.830000 0.945877 0.945877 nan -0.101734 4.681907 170.886948 nan nan
1.840000 0.982852 0.982852 nan -0.096993 4.755095 160.154175 nan nan
1.850000 1.000000 1.000000 nan -0.092133 4.824590 150.447372 nan nan
1.860000 0.904388 0.904388 nan -0.087167 4.890388 144.289139 nan nan
1.870000 0.892251 0.892251 nan -0.082118 4.952512 140.123367 nan nan
1.880000 0.958398 0.958398 nan -0.076947 5.010951 138.645737 nan nan
1.890000 0.839361 0.839361 nan -0.071662 5.065753 133.513794 nan nan
1.900000 0.226109 0.226109 nan -0.066541 5.117331 129.424057 nan nan
1.910000 -0.139986 -0.139986 nan -0.061935 5.166294 127.783455 nan nan
1.920000 -0.320232 -0.320232 nan -0.057992 5.213044 125.916580 nan nan
1.930000 -0.437643 -0.437643 nan -0.054757 5.257840 126.455162 nan nan
1.940000 -0.511291 -0.511291 nan -0.052226 5.300860 127.963936 nan nan
1.950000 -0.542696 -0.542696 nan -0.050365 5.342215 130.929260 nan nan
1.960000 -0.655178 -0.655178 nan -0.049161 5.382046 133.553436 nan nan
1.970000 -0.611026 -0.611026 nan -0.048569 5.420416 137.333221 nan nan
1.980000 -0.706727 -0.706727 nan -0.048547 5.457380 142.199402 nan nan
1.990000 -0.708215 -0.708215 nan -0.049072 5.493031 146.142838 nan nan
2.000000 -0.709674 -0.709674 nan -0.050087 5.527360 150.876862 nan nan
2.010000 -0.711904 -0.711904 nan -0.051542 5.560366 157.788620 nan nan
2.020000 -0.845870 -0.845870 nan -0.053448 5.592205 163.558014 nan nan
2.030000 -0.766768 -0.766768 nan -0.055777 5.622922 165.085480 nan nan
2.040000 -0.773615 -0.773615 nan -0.058456 5.652419 170.977066 nan nan
2.050000 -0.925689 -0.925689 nan -0.061516 5.680900 178.060806 nan nan
2.060000 -0.927935 -0.927935 nan -0.064980 5.708547 176.956024 nan nan
2.070000 -0.944802 -0.944802 nan -0.068816 5.735362 176.123169 nan nan
2.080000 -0.903218 -0.903218 nan -0.072974 5.761290 174.378479 nan nan
2.090000 -0.904127 -0.904127 nan -0.077402 5.786265 174.581650 nan nan
2.100000 -0.956018 -0.956018 nan -0.082097 5.810363 176.540146 nan nan
2.110000 -0.956279 -0.956279 nan -0.087052 5.833656 173.656540 nan nan
2.120000 -0.956318 -0.956318 nan -0.092242 5.856142 171.084076 nan nan
2.130000 -0.916321 -0.916321 nan -0.097624 5.877760 169.190842 nan nan
2.140000 -0.956566 -0.956566 nan -0.103180 5.898527 167.561264 nan nan
2.150000 -0.956613 -0.956613 nan -0.108910 5.918517 166.290756 nan nan
2.160000 -0.964007 -0.964007 nan -0.114800 5.937755 164.472580 nan nan
2.170000 -0.963663 -0.963663 nan -0.120836 5.956265 159.867264 nan nan
2.180000 -0.963886 -0.963886 nan -0.127006 5.974065 164.630890 nan nan
2.190000 -0.957367 -0.957367 nan -0.133292 5.991163 163.826691 nan nan
2.200000 -0.921767 -0.921767 nan -0.139665 6.007514 160.858002 nan nan
2.210000 -0.963828 -0.963828 nan -0.146121 6.023162 163.601303 nan nan
2.220000 -0.959325 -0.959325 nan -0.152668 6.038196 162.028229 nan nan
2.230000 -1.000000 -1.000000 nan -0.159315 6.052698 170.276382 nan nan
2.240000 -0.958175 -0.958175 nan -0.166051 6.066685 170.601944 nan nan
2.250000 -1.000000 -1.000000 nan -0.172868 6.080180 170.121246 nan nan
2.260000 -0.997115 -0.997115 nan -0.179776 6.093267 178.628403 nan nan
2.270000 -1.000000 -1.000000 nan -0.186767 6.105964 176.704269 nan nan
2.280000 -1.000000 -1.000000 nan -0.193835 6.118295 176.475952 nan nan
2.290000 -1.000000 -1.000000 nan -0.200972 6.130279 175.915131 nan nan
2.300000 -1.000000 -1.000000 nan -0.208172 6.141937 183.905701 nan nan
2.310000 -0.984321 -0.984321 nan -0.215423 6.153267 190.810669 nan nan
2.320000 -1.000000 -1.000000 nan -0.222722 6.164295 193.232956 nan nan
2.330000 -0.984291 -0.984291 nan -0.230063 6.175048 191.654739 nan nan
2.340000 -0.982265 -0.982265 nan -0.237437 6.185523 196.524017 nan nan
2.350000 -1.000000 -1.000000 nan -0.244848 6.195778 198.566223 nan nan
2.360000 -0.983575 -0.983575 nan -0.252294 6.205842 206.599487 nan nan
2.370000 -0.982950 -0.982950 nan -0.259764 6.215716 206.744308 nan nan
2.380000 -0.999235 -0.999235 nan -0.267266 6.225457 207.443924 nan nan
2.390000 -0.976417 -0.976417 nan -0.274793 6.235081 214.573257 nan nan
2.400000 -0.992701 -0.992701 nan -0.282342 6.244609 220.220657 nan nan
2.410000 -0.998870 -0.998870 nan -0.289921 6.254109 223.594254 nan nan
2.420000 -0.982898 -0.982898 nan -0.297524 6.263593 231.442581 nan nan
2.430000 -0.970984 -0.970984 nan -0.305138 6.273043 238.745895 nan nan
2.440000 -0.970841 -0.970841 nan -0.312757 6.282475 248.679062 nan nan
2.450000 -0.951100 -0.951100 nan -0.320373 6.291895 259.685944 nan nan
2.460000 -0.984731 -0.984731 nan -0.327995 6.301368 267.761841 nan nan
2.470000 -0.984877 -0.984877 nan -0.335638 6.310987 282.085266 nan nan
2.480000 -0.995532 -0.995532 nan -0.343306 6.320803 291.450256 nan nan
2.490000 -0.959092 -0.959092 nan -0.350986 6.330802 304.045044 nan nan
2.500000 -0.998515 -0.998515 nan -0.358680 6.341029 317.808502 nan nan
2.510000 -0.985658 -0.985658 nan -0.366399 6.351563 327.303375 nan nan
2.520000 -0.993140 -0.993140 nan -0.374141 6.362432 342.434540 nan nan
2.530000 -0.896709 -0.896709 nan -0.381863 6.373518 355.590637 nan nan
2.540000 -0.977537 -0.977537 nan -0.389564 6.384859 368.785767 nan nan
2.550000 -0.992465 -0.992465 nan -0.397290 6.396667 386.964874 nan nan
2.560000 -0.826051 -0.826051 nan -0.404971 6.408723 402.480286 nan nan
2.570000 0.027400 0.027400 nan -0.412156 6.419394 419.467041 nan nan
2.580000 0.710320 0.710320 nan -0.418222 6.426408 437.023865 nan nan
2.590000 0.830464 0.830464 nan -0.422946 6.428964 455.992035 nan nan
2.600000 0.780983 0.780983 nan -0.426450 6.427523 477.971832 nan nan
2.610000 0.509585 0.509585 nan -0.429013 6.423121 499.914642 nan nan
2.620000 0.552360 0.552360 nan -0.430839 6.416495 520.580994 nan nan
2.630000 0.470412 0.470412 nan -0.432027 6.407988 545.941528 nan nan
2.640000 0.521235 0.521235 nan -0.432661 6.397874 570.209412 nan nan
2.650000 0.061666 0.061666 nan -0.432986 6.387033 596.167603 nan nan
2.660000 0.009340 0.009340 nan -0.433260 6.376379 622.273193 nan nan
2.670000 -0.337301 -0.337301 nan -0.433665 6.366560 649.790710 nan nan
2.680000 0.206442 0.206442 nan -0.434091 6.357125 680.652161 nan nan
2.690000 0.567157 0.567157 nan -0.434133 6.346526 708.653503 nan nan
2.700000 0.406871 0.406871 nan -0.433749 6.334563 734.435120 nan nan
2.710000 0.470525 0.470525 nan -0.433025 6.321517 755.827698 nan nan
2.720000 0.571257 0.571257 nan -0.431924 6.307199 776.127747 nan nan
2.730000 0.465182 0.465182 nan -0.430491 6.291723 792.703857 nan nan
2.740000 0.473232 0.473232 nan -0.428803 6.275322 805.753113 nan nan
2.750000 0.015125 0.015125 nan -0.427090 6.258801 818.155029 nan nan
2.760000 0.506124 0.506124 nan -0.425331 6.242014 828.452515 nan nan
2.770000 0.735195 0.735195 nan -0.423209 6.223719 836.702698 nan nan
2.780000 0.711698 0.711698 nan -0.420675 6.203660 841.691833 nan nan
2.790000 0.773165 0.773165 nan -0.417755 6.181865 844.513000 nan nan
2.800000 0.330064 0.330064 nan -0.414663 6.159057 845.518250 nan nan
2.810000 0.603305 0.603305 nan -0.411485 6.135474 846.380371 nan nan
2.820000 0.696238 0.696238 nan -0.408068 6.110461 845.995605 nan nan
2.830000 0.644870 0.644870 nan -0.404419 6.083958 845.275452 nan nan
2.840000 0.536494 0.536494 nan -0.400632 6.056222 844.869690 nan nan
2.850000 0.636021 0.636021 nan -0.396724 6.027213 843.931885 nan nan
2.860000 0.588733 0.588733 nan -0.392683 5.996792 842.767334 nan nan
2.870000 0.765618 0.765618 nan -0.388465 5.964694 842.079468 nan nan
2.880000 0.646887 0.646887 nan -0.384065 5.930795 840.243469 nan nan
2.890000 0.702574 0.702574 nan -0.379529 5.895148 839.303162 nan nan
2.900000 0.861121 0.861121 nan -0.374778 5.857365 837.621887 nan nan
2.910000 0.782434 0.782434 nan -0.369806 5.817303 835.147705 nan nan
2.920000 0.624743 0.624743 nan -0.364741 5.775277 832.606201 nan nan
2.930000 0.455756 0.455756 nan -0.359735 5.731655 830.737488 nan nan
2.940000 0.460470 0.460470 nan -0.354854 5.686502 828.984253 nan nan
2.950000 0.615245 0.615245 nan -0.350019 5.639425 826.622070 nan nan
2.960000 0.555849 0.555849 nan -0.345191 5.590162 823.013489 nan nan
2.970000 0.661876 0.661876 nan -0.340356 5.538532 819.418396 nan nan
2.980000 0.604500 0.604500 nan -0.335507 5.484367 816.138611 nan nan
2.990000 0.779505 0.779505 nan -0.330607 5.427436 812.496765 nan nan
3.000000 1.000000 1.000000 nan -0.325516 5.367263 808.000916 nan nan
3.010000 1.000000 1.000000 nan -0.320186 5.303627 802.519104 nan nan
3.020000 1.000000 1.000000 nan -0.314667 5.236539 796.487244 nan nan
3.030000 0.942570 0.942570 nan -0.309028 5.166038 789.332214 nan nan
3.040000 0.852759 0.852759 nan -0.303366 5.092190 781.443481 nan nan
3.050000 0.822485 0.822485 nan -0.297761 5.015004 773.872314 nan nan
3.060000 0.880830 0.880830 nan -0.292228 4.934389 765.051331 nan nan
3.070000 0.860382 0.860382 nan -0.286780 4.850255 755.656006 nan nan
3.080000 0.844379 0.844379 nan -0.281458 4.762542 744.925110 nan nan
3.090000 0.877181 0.877181 nan -0.276280 4.671185 733.208618 nan nan
3.100000 0.699640 0.699640 nan -0.271327 4.576110 720.550110 nan nan
3.110000 0.840294 0.840294 nan -0.266624 4.477272 706.635803 nan nan
3.120000 0.269562 0.269562 nan -0.262353 4.374454 691.303528 nan nan
3.130000 0.649292 0.649292 nan -0.258573 4.267580 674.648315 nan nan
3.140000 0.484618 0.484618 nan -0.255182 4.156754 656.099731 nan nan
3.150000 0.125013 0.125013 nan -0.252370 4.041647 635.135620 nan nan
3.160000 -0.395821 -0.395821 nan -0.250449 3.921565 613.085876 nan nan
3.170000 -0.401298 -0.401298 nan -0.249547 3.796192 587.776978 nan nan
3.180000 -0.549369 -0.549369 nan -0.249612 3.665709 560.622437 nan nan
3.190000 -0.573152 -0.573152 nan -0.250575 3.530484 530.381653 nan nan
3.200000 -0.770585 -0.770585 nan -0.252367 3.390994 497.679352 nan nan
3.210000 -0.538205 -0.538205 nan -0.254776 3.248373 461.923584 nan nan
3.220000 -0.578651 -0.578651 nan -0.257517 3.104122 423.592773 nan nan
3.230000 -0.441645 -0.441645 nan -0.260362 2.959621 383.709961 nan nan
3.240000 0.087884 0.087884 nan -0.262854 2.817072 346.958282 nan nan
3.250000 0.082519 0.082519 nan -0.264685 2.678040 314.525360 nan nan
3.260000 0.367540 0.367540 nan -0.265715 2.543324 283.443451 nan nan
3.270000 0.611064 0.611064 nan -0.265751 2.413744 255.161240 nan nan
3.280000 0.704014 0.704014 nan -0.264739 2.289541 229.447525 nan nan
3.290000 0.569915 0.569915 nan -0.262806 2.170386 206.506622 nan nan
3.300000 0.799567 0.799567 nan -0.260021 2.056062 185.429291 nan nan
3.310000 0.851165 0.851165 nan -0.256385 1.946481 166.409393 nan nan
3.320000 0.912983 0.912983 nan -0.251970 1.841394 149.566132 nan nan
3.330000 0.898434 0.898434 1.000000 -0.246872 1.740541 133.980026 146.575836 -12.595810
3.340000 0.907749 0.907749 nan -0.241198 1.643682 119.129631 nan nan
3.350000 0.448457 0.714069 0.448457 -0.235216 1.550599 107.248405 104.812775 2.435631
3.360000 0.596566 0.743616 0.596566 -0.229110 1.461179 95.042252 93.397087 1.645164
3.370000 0.368052 0.608307 0.368052 -0.222962 1.375409 84.946320 83.070984 1.875336
3.380000 0.423798 0.355430 0.423798 -0.216878 1.293291 75.478668 73.878899 1.599770
3.390000 0.389010 0.687258 0.389010 -0.210882 1.214803 67.208656 65.617638 1.591019
3.400000 1.000000 0.502689 1.000000 -0.204769 1.139588 59.374527 58.424667 0.949860
3.410000 0.291245 0.538289 0.291245 -0.198629 1.067698 53.139984 51.387680 1.752304
3.420000 0.469373 0.469373 1.000000 -0.192697 0.999401 47.940418 63.501869 -15.561451
3.430000 0.442669 0.397157 0.442669 -0.186921 0.934517 41.895123 40.297348 1.597775
3.440000 0.501373 0.193458 0.501373 -0.181297 0.872926 37.028660 35.625183 1.403477
3.450000 0.319314 0.319314 nan -0.175883 0.814664 33.310940 nan nan
3.460000 0.198142 0.425697 0.198142 -0.170800 0.759931 29.201960 27.704021 1.497938
3.470000 0.126000 0.297004 0.126000 -0.166111 0.708806 26.590288 24.803528 1.786760
3.480000 0.472277 0.229737 0.472277 -0.161673 0.660782 23.195595 21.915890 1.279705
3.490000 0.487396 0.270917 0.487396 -0.157321 0.615270 20.731876 19.453749 1.278128
3.500000 0.150698 0.400310 0.150698 -0.153192 0.572569 19.390154 17.355307 2.034847
3.510000 0.257571 0.196394 0.257571 -0.149363 0.532806 16.766056 15.342334 1.423722
3.520000 0.073785 0.216700 0.073785 -0.145843 0.495911 15.423760 13.664062 1.759698
3.530000 0.277335 0.263198 0.277335 -0.142591 0.461650 14.118606 12.313441 1.805164
3.540000 0.078839 0.518117 0.078839 -0.139582 0.429847 12.581697 11.059972 1.521725
3.550000 0.215386 0.625617 0.215386 -0.136816 0.400402 11.605783 10.065597 1.540186
3.560000 0.221837 0.326726 0.221837 -0.134206 0.372929 10.970577 9.118234 1.852344
3.570000 0.128630 0.279426 0.128630 -0.131773 0.347416 10.514261 8.323095 2.191166
3.580000 0.077685 0.598369 0.077685 -0.129560 0.323931 9.296689 7.616348 1.680341
3.590000 0.365994 0.533791 0.365994 -0.127435 0.301929 9.480320 7.092176 2.388144
3.600000 0.173349 0.308307 0.173349 -0.125349 0.281163 8.012654 6.418910 1.593744
3.610000 0.236571 0.463064 0.236571 -0.123351 0.261734 7.881273 5.927660 1.953613
3.620000 0.122777 0.246280 0.122777 -0.121453 0.243620 7.333680 5.504608 1.829072
3.630000 0.131243 0.283431 0.131243 -0.119688 0.226878 6.883901 5.122645 1.761256
3.640000 0.106465 0.306865 0.106465 -0.118047 0.211416 6.611984 4.806871 1.805113
3.650000 0.161418 0.631482 0.161418 -0.116500 0.197074 6.713067 4.539768 2.173299
3.660000 0.166603 0.335410 0.166603 -0.115010 0.183659 6.447826 4.283640 2.164186
3.670000 0.113933 0.389351 0.113933 -0.113590 0.171173 5.398875 4.047624 1.351251
3.680000 0.148721 0.462082 0.148721 -0.112237 0.159565 5.826396 3.858484 1.967912
3.690000 0.080399 0.582161 0.080399 -0.110959 0.148817 5.803807 3.696823 2.106984
3.700000 0.074362 0.482441 0.074362 -0.109778 0.138974 4.975315 3.541586 1.433729
3.710000 0.133508 -0.019667 0.133508 -0.108657 0.129867 4.974961 3.417830 1.557130
3.720000 0.126238 0.327914 0.126238 -0.107567 0.121349 5.149596 3.289777 1.859819
3.730000 0.131923 0.121716 0.131923 -0.106503 0.113374 5.121899 3.186418 1.935482
3.740000 0.122845 -0.204431 0.122845 -0.105463 0.105904 4.819430 3.079987 1.739443
3.750000 0.123016 -0.358143 0.123016 -0.104446 0.098912 4.661696 2.996838 1.664858
3.760000 0.053316 0.539446 0.053316 -0.103482 0.092477 5.029412 2.911128 2.118284
3.770000 0.072589 -0.192832 0.072589 -0.102584 0.086630 4.756588 2.840252 1.916336
3.780000 0.113534 0.649086 0.113534 -0.101717 0.081218 5.561663 2.787771 2.773892
3.790000 0.097556 -0.099670 0.097556 -0.100867 0.076166 4.402826 2.714435 1.688392
3.800000 0.135903 0.379045 0.135903 -0.100020 0.071407 5.088047 2.661727 2.426320
3.810000 0.115951 0.240152 0.115951 -0.099167 0.066890 4.560979 2.609864 1.951115
3.820000 0.105894 0.149046 0.105894 -0.098322 0.062648 5.160182 2.555893 2.604290
3.830000 0.118495 0.073221 0.118495 -0.097483 0.058655 4.597895 2.509684 2.088211
3.840000 0.083618 -0.153311 0.083618 -0.096657 0.054929 4.084258 2.454357 1.629900
3.850000 0.098457 -0.030236 0.098457 -0.095852 0.051483 4.728902 2.418384 2.310518
3.860000 0.103418 -0.482910 0.103418 -0.095055 0.048259 4.021717 2.377255 1.644462
3.870000 0.113993 -0.102609 0.113993 -0.094259 0.045213 4.227172 2.337866 1.889307
3.880000 0.088850 -0.436870 0.088850 -0.093469 0.042359 3.990450 2.301140 1.689311
3.890000 0.091136 0.158631 0.091136 -0.092695 0.039719 4.555559 2.270490 2.285069
3.900000 0.093129 0.211085 0.093129 -0.091933 0.037267 3.978833 2.233524 1.745309
3.910000 0.124842 0.187927 0.124842 -0.091164 0.034931 4.291831 2.208933 2.082898
3.920000 0.098264 0.296854 0.098264 -0.090389 0.032698 4.497487 2.172397 2.325090
3.930000 0.090063 0.244150 0.090063 -0.089622 0.030617 4.438507 2.143163 2.295344
3.940000 0.111747 -0.001822 0.111747 -0.088857 0.028653 4.031892 2.113318 1.918574
3.950000 0.093815 -0.294663 0.093815 -0.088090 0.026793 3.875166 2.084535 1.790632
3.960000 0.134053 0.165017 0.134053 -0.087313 0.024988 3.522627 2.056248 1.466378
3.970000 0.112095 -0.098427 0.112095 -0.086518 0.023209 4.095567 2.028704 2.066863
3.980000 0.062921 0.263431 0.062921 -0.085738 0.021573 4.250855 2.006784 2.244071
3.990000 0.101743 -0.176173 0.101743 -0.084976 0.020083 3.495906 1.975850 1.520056
4.000000 0.095595 0.304894 0.095595 -0.084215 0.018672 4.446555 1.952355 2.494200
4.010000 0.102863 0.055813 0.102863 -0.083454 0.017329 3.487815 1.927539 1.560276
4.020000 0.093342 0.244865 0.093342 -0.082695 0.016055 3.759355 1.905182 1.854173
4.030000 0.119616 -0.130513 0.119616 -0.081928 0.014814 3.162107 1.879687 1.282420
4.040000 0.095012 0.340584 0.095012 -0.081155 0.013603 4.182292 1.857965 2.324327
4.050000 0.113892 -0.018507 0.113892 -0.080378 0.012426 3.787610 1.838449 1.949161
4.060000 0.085852 -0.410804 0.085852 -0.079602 0.011299 3.674122 1.811462 1.862661
4.070000 0.085182 0.055552 0.085182 -0.078838 0.010261 4.159052 1.797025 2.362027
4.080000 0.091456 0.005860 0.091456 -0.078084 0.009295 3.563390 1.774510 1.788880
4.090000 0.084047 -0.125551 0.084047 -0.077338 0.008395 3.337054 1.751329 1.585725
4.100000 0.081388 0.067607 0.081388 -0.076604 0.007569 3.217292 1.731808 1.485484
4.110000 0.070153 0.336131 0.070153 -0.075886 0.006833 4.113869 1.714579 2.399290
4.120000 0.087198 -0.244564 0.087198 -0.075180 0.006167 3.148086 1.696521 1.451565
4.130000 0.088932 0.000117 0.088932 -0.074476 0.005530 3.593729 1.680846 1.912884
4.140000 0.069266 0.056438 0.069266 -0.073782 0.004951 3.832844 1.660828 2.172017
4.150000 0.103857 -0.251517 0.103857 -0.073089 0.004397 3.279112 1.646974 1.632138
4.160000 0.076030 0.143719 0.076030 -0.072395 0.003854 3.146183 1.626723 1.519460
4.170000 0.084521 0.027522 0.084521 -0.071709 0.003352 2.945951 1.607999 1.337951
4.180000 0.071281 -0.300028 0.071281 -0.071031 0.002895 3.694679 1.599310 2.095369
4.190000 0.088940 -0.245401 0.088940 -0.070358 0.002468 3.735039 1.579333 2.155706
4.200000 0.096266 -0.164462 0.096266 -0.069679 0.002027 3.422434 1.562873 1.859560
4.210000 0.087611 0.047611 0.087611 -0.068995 0.001575 2.950987 1.544403 1.406584
4.220000 0.068253 0.006641 0.068253 -0.068319 0.001158 3.176241 1.528891 1.647350
4.230000 0.095064 -0.070519 0.095064 -0.067647 0.000758 3.626749 1.515593 2.111156
4.240000 0.076324 -0.447908 0.076324 -0.066974 0.000360 3.728241 1.498547 2.229694
4.250000 0.073556 -0.087608 0.073556 -0.066310 -0.000002 3.614249 1.485941 2.128308
4.260000 0.079115 0.056884 0.079115 -0.065653 -0.000339 3.191889 1.469145 1.722743
4.270000 0.067036 -0.116721 0.067036 -0.065005 -0.000644 3.162460 1.456016 1.706444
4.280000 0.094231 -0.133329 0.094231 -0.064358 -0.000948 3.206306 1.442634 1.763671
4.290000 0.069483 0.011743 0.069483 -0.063711 -0.001255 3.308383 1.429200 1.879182
4.300000 0.089607 -0.340483 0.089607 -0.063066 -0.001560 2.886086 1.416185 1.469901
4.310000 0.055894 -0.182280 0.055894 -0.062428 -0.001842 3.057821 1.401380 1.656442
4.320000 0.055814 -0.412874 0.055814 -0.061813 -0.002048 3.529517 1.391521 2.137996
4.330000 0.078981 -0.246112 0.078981 -0.061206 -0.002229 3.327708 1.379732 1.947976
4.340000 0.068307 0.078620 0.068307 -0.060602 -0.002409 3.284381 1.364702 1.919679
4.350000 0.069557 -0.000089 0.069557 -0.060004 -0.002574 3.421831 1.353523 2.068307
4.360000 0.051362 -0.321628 0.051362 -0.059419 -0.002699 3.721135 1.343291 2.377844
4.370000 0.055226 -0.279102 0.055226 -0.058852 -0.002766 2.947336 1.331686 1.615649
4.380000 0.062647 0.656985 0.062647 -0.058296 -0.002803 3.067061 1.323636 1.743425
4.390000 0.080372 -0.145791 0.080372 -0.057738 -0.002856 3.027270 1.311221 1.716049
4.400000 0.057231 -0.272101 0.057231 -0.057182 -0.002915 2.975528 1.298420 1.677108
4.410000 0.068435 -0.131452 0.068435 -0.056632 -0.002962 3.629462 1.292184 2.337277
4.420000 0.072550 -0.450197 0.072550 -0.056080 -0.003024 3.612571 1.279947 2.332624
4.430000 0.049440 -0.114173 0.049440 -0.055536 -0.003069 3.032704 1.266845 1.765859
4.440000 0.060569 -0.030151 0.060569 -0.055004 -0.003082 2.994343 1.257719 1.736624
4.450000 0.080319 -0.258789 0.080319 -0.054468 -0.003119 2.800864 1.248482 1.552382
4.460000 0.075569 -0.475346 0.075569 -0.053923 -0.003203 3.756722 1.239414 2.517308
4.470000 0.049790 -0.279279 0.049790 -0.053383 -0.003279 2.819972 1.225476 1.594496
4.480000 0.045855 -0.383984 0.045855 -0.052861 -0.003300 3.098272 1.217804 1.880468
4.490000 0.061372 -0.017596 0.061372 -0.052349 -0.003295 2.858075 1.208785 1.649290
4.500000 0.045645 -0.373573 0.045645 -0.051847 -0.003265 2.576061 1.199932 1.376129
4.510000 0.069524 0.491773 0.069524 -0.051350 -0.003231 3.141702 1.193415 1.948287
4.520000 0.067728 -0.168308 0.067728 -0.050847 -0.003229 3.424483 1.182353 2.242130
4.530000 0.088092 -0.420982 0.088092 -0.050330 -0.003289 2.992819 1.172860 1.819959
4.540000 0.047093 -0.458535 0.047093 -0.049811 -0.003370 2.789345 1.162458 1.626887
4.550000 0.061298 -0.301614 0.061298 -0.049302 -0.003427 2.511253 1.154214 1.357039
4.560000 0.051991 -0.128063 0.051991 -0.048800 -0.003473 2.612646 1.146462 1.466184
4.570000 0.038936 0.110696 0.038936 -0.048313 -0.003473 3.074057 1.138730 1.935327
4.580000 0.052836 -0.163727 0.052836 -0.047839 -0.003435 2.661777 1.132484 1.529292
4.590000 0.059364 0.003518 0.059364 -0.047368 -0.003400 2.698484 1.123569 1.574915
4.600000 0.080189 -0.338372 0.080189 -0.046887 -0.003413 3.041131 1.115918 1.925212
4.610000 0.044451 0.205858 0.044451 -0.046405 -0.003446 3.118544 1.108251 2.010293
4.620000 0.056918 -0.209290 0.056918 -0.045931 -0.003459 2.900286 1.100609 1.799677
4.630000 0.045757 -0.131927 0.045757 -0.045465 -0.003457 2.945220 1.093941 1.851279
4.640000 0.060973 -0.265715 0.060973 -0.045002 -0.003452 2.643347 1.084378 1.558968
4.650000 0.046459 -0.004503 0.046459 -0.044544 -0.003446 2.801973 1.077294 1.724678
4.660000 0.073933 0.030050 0.073933 -0.044083 -0.003462 2.960747 1.072405 1.888343
4.670000 0.067002 0.055343 0.067002 -0.043611 -0.003534 2.877567 1.066234 1.811333
4.680000 0.062784 -0.395713 0.062784 -0.043133 -0.003638 2.494408 1.057798 1.436611
4.690000 0.027276 0.156792 0.027276 -0.042669 -0.003704 3.063890 1.049446 2.014445
4.700000 0.047518 0.175002 0.047518 -0.042223 -0.003716 2.560110 1.043270 1.516839
4.710000 0.062931 -0.306544 0.062931 -0.041778 -0.003741 2.558076 1.037513 1.520562
4.720000 0.060602 -0.025124 0.060602 -0.041327 -0.003799 2.704146 1.030785 1.673361
4.730000 0.039980 0.044496 0.039980 -0.040881 -0.003851 3.012281 1.024247 1.988034
4.740000 0.041882 -0.346929 0.041882 -0.040449 -0.003867 2.840538 1.018470 1.822068
4.750000 0.045426 0.021004 0.045426 -0.040026 -0.003864 2.927351 1.014180 1.913170
4.760000 0.047896 0.131286 0.047896 -0.039608 -0.003854 3.117700 1.007363 2.110337
4.770000 0.045170 -0.128709 0.045170 -0.039196 -0.003839 2.922756 1.002129 1.920627
4.780000 0.056764 -0.199481 0.056764 -0.038783 -0.003837 2.817127 0.997962 1.819165
4.790000 0.057421 -0.380691 0.057421 -0.038366 -0.003868 3.157349 0.993234 2.164115
4.800000 0.044301 -0.208185 0.044301 -0.037950 -0.003909 2.543913 0.984746 1.559167
4.810000 0.025651 0.095737 0.025651 -0.037549 -0.003907 2.482311 0.979363 1.502948
4.820000 0.041164 -0.073410 0.041164 -0.037163 -0.003864 2.585284 0.977189 1.608094
4.830000 0.036025 -0.285269 0.036025 -0.036786 -0.003804 2.581079 0.970096 1.610983
4.840000 0.044213 -0.251968 0.044213 -0.036414 -0.003735 2.509345 0.966673 1.542672
4.850000 0.039220 -0.048303 0.039220 -0.036047 -0.003663 2.917117 0.961339 1.955778
4.860000 0.039669 -0.238619 0.039669 -0.035685 -0.003584 2.716372 0.956676 1.759695
4.870000 0.039857 -0.184666 0.039857 -0.035328 -0.003501 2.835055 0.952882 1.882173
4.880000 0.043540 -0.330293 0.043540 -0.034974 -0.003421 2.992155 0.948543 2.043612
4.890000 0.039677 -0.144858 0.039677 -0.034622 -0.003344 2.481575 0.942225 1.539350
4.900000 0.039793 -0.114855 0.039793 -0.034274 -0.003266 2.463680 0.938432 1.525248
4.910000 0.059732 -0.157253 0.059732 -0.033920 -0.003222 3.086443 0.936114 2.150329
4.920000 0.049009 0.052219 0.049009 -0.033557 -0.003222 2.260666 0.929719 1.330947
4.930000 0.050187 -0.445824 0.050187 -0.033190 -0.003249 3.150717 0.925185 2.225531
4.940000 0.015966 -0.020832 0.015966 -0.032835 -0.003245 2.630624 0.920994 1.709630
4.950000 0.042625 -0.062170 0.042625 -0.032493 -0.003203 2.671456 0.916153 1.755303
4.960000 0.038628 0.012361 0.038628 -0.032153 -0.003165 2.478050 0.913446 1.564604
4.970000 0.076412 -0.149033 0.076412 -0.031799 -0.003191 2.881422 0.910297 1.971125
4.980000 0.040032 -0.258757 0.040032 -0.031433 -0.003274 2.588229 0.904594 1.683635
4.990000 0.036657 -0.338866 0.036657 -0.031073 -0.003344 3.028313 0.900886 2.127428
5.000000 0.008849 -0.205179 0.008849 -0.030734 -0.003352 2.420257 0.897908 1.522349
5.010000 0.051858 -0.240736 0.051858 -0.030405 -0.003334 3.033824 0.894222 2.139602
5.020000 0.044929 -0.367531 0.044929 -0.030069 -0.003352 2.459040 0.889673 1.569367
5.030000 0.043315 0.002364 0.043315 -0.029731 -0.003390 2.303259 0.884618 1.418640
5.040000 0.040537 0.029010 0.040537 -0.029394 -0.003440 2.385395 0.882445 1.502949
5.050000 0.022303 0.075139 0.022303 -0.029066 -0.003466 2.284145 0.878766 1.405379
5.060000 0.016229 -0.195000 0.016229 -0.028758 -0.003433 3.416788 0.876962 2.539826
5.070000 0.005715 0.121939 0.005715 -0.028474 -0.003321 3.163078 0.876258 2.286820
5.080000 0.033592 0.159042 0.033592 -0.028203 -0.003169 2.636358 0.870558 1.765800
5.090000 0.041242 -0.249255 0.041242 -0.027929 -0.003042 2.697647 0.868123 1.829524
5.100000 0.030770 -0.225456 0.030770 -0.027654 -0.002932 2.765665 0.865792 1.899873
5.110000 0.025545 -0.408739 0.025545 -0.027384 -0.002812 2.734475 0.862048 1.872427
5.120000 0.040533 0.012986 0.040533 -0.027115 -0.002701 2.417833 0.859655 1.558178
5.130000 0.034153 -0.151398 0.034153 -0.026842 -0.002612 2.555477 0.855607 1.699870
5.140000 0.041024 -0.115266 0.041024 -0.026566 -0.002545 2.629670 0.852828 1.776841
5.150000 0.029756 0.279727 0.029756 -0.026290 -0.002490 2.491987 0.848273 1.643713
5.160000 0.041609 0.036437 0.041609 -0.026012 -0.002448 2.873795 0.847856 2.025939
5.170000 0.021408 0.075169 0.021408 -0.025737 -0.002404 2.252978 0.845160 1.407818
5.180000 0.037467 -0.010670 0.037467 -0.025466 -0.002353 2.335706 0.841442 1.494264
5.190000 0.025142 0.075179 0.025142 -0.025198 -0.002302 2.247530 0.839081 1.408449
5.200000 0.042539 -0.067147 0.042539 -0.024930 -0.002261 2.898027 0.838253 2.059775
5.210000 0.020063 -0.074722 0.020063 -0.024663 -0.002219 2.645272 0.833542 1.811730
5.220000 0.042089 -0.117537 0.042089 -0.024399 -0.002180 2.845934 0.836668 2.009266
5.230000 0.025549 -0.127874 0.025549 -0.024133 -0.002150 2.877818 0.830148 2.047670
5.240000 0.038962 0.021529 0.038962 -0.023869 -0.002126 2.639662 0.825443 1.814218
5.250000 0.041505 -0.055289 0.041505 -0.023598 -0.002133 2.378144 0.824058 1.554085
5.260000 0.048991 -0.116647 0.048991 -0.023317 -0.002187 2.260685 0.820598 1.440086
5.270000 0.032646 0.206226 0.032646 -0.023031 -0.002266 2.645241 0.818574 1.826667
5.280000 0.030086 -0.066038 0.030086 -0.022749 -0.002340 2.532492 0.816283 1.716209
5.290000 0.034099 -0.032943 0.034099 -0.022470 -0.002411 2.274298 0.814542 1.459756
5.300000 0.020450 0.044943 0.020450 -0.022198 -0.002466 3.149276 0.813420 2.335856
5.310000 0.024861 -0.264385 0.024861 -0.021936 -0.002492 2.259383 0.809362 1.450021
5.320000 0.041985 -0.115992 0.041985 -0.021673 -0.002530 2.670114 0.809093 1.861021
5.330000 0.014802 0.058413 0.014802 -0.021414 -0.002562 2.356745 0.804812 1.551933
5.340000 0.014784 -0.236097 0.014784 -0.021171 -0.002544 2.846560 0.804979 2.041582
5.350000 0.037224 -0.011343 0.037224 -0.020931 -0.002523 2.608999 0.800294 1.808706
5.360000 0.029913 -0.154696 0.029913 -0.020688 -0.002522 2.132726 0.799287 1.333440
5.370000 0.038723 -0.314620 0.038723 -0.020442 -0.002545 2.894073 0.798932 2.095141
5.380000 0.031400 -0.158069 0.031400 -0.020191 -0.002592 3.594938 0.799626 2.795313
5.390000 0.006902 0.143261 0.006902 -0.019952 -0.002607 3.056805 0.795226 2.261579
5.400000 0.015912 0.249815 0.015912 -0.019729 -0.002570 2.495606 0.791768 1.703838
5.410000 0.038224 -0.082640 0.038224 -0.019506 -0.002541 2.881444 0.792341 2.089103
5.420000 0.002759 0.275491 0.002759 -0.019290 -0.002497 2.830471 0.792270 2.038201
5.430000 0.023547 -0.165515 0.023547 -0.019086 -0.002416 2.835844 0.786750 2.049093
5.440000 0.018327 -0.188105 0.018327 -0.018887 -0.002329 2.720181 0.785792 1.934390
5.450000 0.031197 0.043027 0.031197 -0.018687 -0.002251 3.116911 0.783995 2.332916
5.460000 0.019208 -0.119434 0.019208 -0.018487 -0.002182 2.567183 0.782066 1.785117
5.470000 0.028089 0.181116 0.028089 -0.018287 -0.002117 2.955698 0.783500 2.172198
5.480000 0.014265 0.156874 0.014265 -0.018092 -0.002048 2.279242 0.779286 1.499956
5.490000 0.028651 0.080427 0.028651 -0.017899 -0.001976 2.472710 0.778308 1.694402
5.500000 0.025974 0.071055 0.025974 -0.017703 -0.001922 2.689817 0.776146 1.913671
5.510000 0.037278 -0.287958 0.037278 -0.017500 -0.001900 2.625083 0.776754 1.848329
5.520000 0.014370 0.072197 0.014370 -0.017297 -0.001886 2.527637 0.772364 1.755272
5.530000 0.022218 0.091209 0.022218 -0.017101 -0.001855 2.920534 0.772405 2.148129
5.540000 0.044653 0.050222 0.044653 -0.016896 -0.001862 3.175222 0.773825 2.401398
5.550000 0.011708 0.089679 0.011708 -0.016689 -0.001883 3.055935 0.773485 2.282450
5.560000 0.021950 0.030497 0.021950 -0.016490 -0.001882 2.261398 0.767759 1.493639
5.570000 0.023789 0.135268 0.023789 -0.016293 -0.001881 2.868113 0.766004 2.102110
5.580000 0.026873 -0.201059 0.026873 -0.016095 -0.001889 2.432143 0.764759 1.667384
5.590000 0.015960 -0.175545 0.015960 -0.015901 -0.001894 2.919375 0.764106 2.155269
5.600000 0.027402 -0.158225 0.027402 -0.015708 -0.001896 2.278467 0.763467 1.515000
5.610000 0.021413 -0.196212 0.021413 -0.015515 -0.001907 2.425357 0.760308 1.665049
5.620000 0.013929 0.248303 0.013929 -0.015328 -0.001903 3.230066 0.759897 2.470169
5.630000 0.016389 -0.077872 0.016389 -0.015148 -0.001879 2.869058 0.759433 2.109625
5.640000 0.023598 -0.104887 0.023598 -0.014970 -0.001854 3.073300 0.759768 2.313531
5.650000 0.027791 -0.178710 0.027791 -0.014790 -0.001848 2.518915 0.756533 1.762382
5.660000 0.026462 -0.051654 0.026462 -0.014605 -0.001864 3.136037 0.757317 2.378720
5.670000 0.025465 0.223588 0.025465 -0.014417 -0.001896 2.716604 0.755031 1.961573
5.680000 0.011496 -0.130411 0.011496 -0.014234 -0.001919 3.055991 0.755914 2.300077
5.690000 0.023037 -0.177787 0.023037 -0.014056 -0.001930 2.489680 0.752117 1.737562
5.700000 0.009861 0.137443 0.009861 -0.013883 -0.001929 3.199736 0.754441 2.445295
5.710000 0.029348 -0.176215 0.029348 -0.013711 -0.001929 2.491492 0.750704 1.740788
5.720000 0.009311 -0.004546 0.009311 -0.013542 -0.001929 2.556105 0.749557 1.806548
5.730000 0.020733 -0.007459 0.020733 -0.013378 -0.001916 2.575271 0.748102 1.827170
5.740000 0.016451 0.098121 0.016451 -0.013215 -0.001904 2.129414 0.746988 1.382426
5.750000 0.020265 0.063162 0.020265 -0.013054 -0.001893 2.707083 0.747314 1.959769
5.760000 0.011399 -0.193787 0.011399 -0.012897 -0.001874 2.324469 0.744357 1.580112
5.770000 0.018849 0.058028 0.018849 -0.012744 -0.001848 2.281772 0.743473 1.538299
5.780000 0.018820 -0.040745 0.018820 -0.012591 -0.001828 2.785191 0.744645 2.040546
5.790000 0.025816 -0.078429 0.025816 -0.012435 -0.001826 2.054022 0.742460 1.311562
5.800000 0.007579 0.197544 0.007579 -0.012282 -0.001821 2.465361 0.741163 1.724198
5.810000 0.019107 0.041372 0.019107 -0.012133 -0.001803 2.930070 0.741315 2.188755
5.820000 0.031210 0.285619 0.031210 -0.011979 -0.001816 2.890071 0.741110 2.148961
5.830000 0.014494 -0.400800 0.014494 -0.011821 -0.001846 2.812562 0.740223 2.072339
5.840000 0.002048 0.153779 0.002048 -0.011674 -0.001845 2.784251 0.739448 2.044803
5.850000 0.024287 0.357017 0.024287 -0.011531 -0.001834 2.071751 0.737838 1.333913
5.860000 0.026309 -0.578753 0.026309 -0.011381 -0.001856 2.935664 0.738376 2.197289
5.870000 0.010282 -0.292326 0.010282 -0.011232 -0.001882 2.913766 0.737223 2.176543
5.880000 0.006856 -0.039274 0.006856 -0.011091 -0.001882 2.317400 0.735091 1.582309
5.890000 0.031169 -0.070111 0.031169 -0.010949 -0.001895 2.793351 0.737796 2.055556
5.900000 0.019737 -0.142657 0.019737 -0.010800 -0.001941 2.895525 0.736083 2.159442
5.910000 0.014094 0.321483 0.014094 -0.010653 -0.001989 2.486124 0.733888 1.752236
5.920000 -0.000094 0.220916 -0.000094 -0.010516 -0.002005 2.395283 0.732745 1.662538
5.930000 0.020824 -0.193271 0.020824 -0.010384 -0.002008 2.335718 0.733368 1.602350
5.940000 0.000583 -0.270136 0.000583 -0.010258 -0.001999 2.970055 0.732848 2.237207
5.950000 0.029211 -0.092170 0.029211 -0.010132 -0.001995 2.687256 0.732107 1.955148
5.960000 -0.001140 0.080941 -0.001140 -0.010008 -0.001993 2.735158 0.731909 2.003248
5.970000 0.030053 -0.426044 0.030053 -0.009884 -0.001996 2.878889 0.730614 2.148275
5.980000 0.034916 -0.366495 0.034916 -0.009745 -0.002064 3.003836 0.732313 2.271523
5.990000 0.005772 -0.307205 0.005772 -0.009603 -0.002149 2.931885 0.730372 2.201513
6.000000 0.005147 0.141646 0.005147 -0.009472 -0.002201 2.606200 0.731273 1.874928
6.010000 -0.008836 0.129549 -0.008836 -0.009357 -0.002201 2.347326 0.729565 1.617761
6.020000 0.010911 0.005660 0.010911 -0.009254 -0.002166 2.837341 0.730373 2.106968
6.030000 0.004513 -0.017342 0.004513 -0.009155 -0.002122 2.493883 0.728613 1.765270
6.040000 0.013745 -0.412886 0.013745 -0.009059 -0.002077 2.455139 0.729278 1.725862
6.050000 -0.002502 0.023659 -0.002502 -0.008969 -0.002018 2.533688 0.726860 1.806828
6.060000 0.013776 0.081397 0.013776 -0.008883 -0.001948 2.231272 0.726076 1.505196
6.070000 -0.000312 -0.136454 -0.000312 -0.008800 -0.001873 2.771820 0.728325 2.043495
6.080000 0.004657 0.172674 0.004657 -0.008725 -0.001778 2.986109 0.726263 2.259846
6.090000 0.002438 -0.274800 0.002438 -0.008655 -0.001671 2.676335 0.725227 1.951108
6.100000 0.001377 -0.054180 0.001377 -0.008590 -0.001548 2.681478 0.724746 1.956732
6.110000 0.022557 0.043949 0.022557 -0.008522 -0.001444 2.269688 0.724470 1.545219
6.120000 0.013506 -0.172451 0.013506 -0.008445 -0.001378 2.769867 0.724361 2.045506
6.130000 -0.003381 -0.056007 -0.003381 -0.008373 -0.001302 2.346574 0.724107 1.622466
6.140000 -0.005067 0.003646 -0.005067 -0.008312 -0.001187 2.894273 0.725351 2.168922
6.150000 0.015691 -0.039929 0.015691 -0.008253 -0.001069 2.814237 0.722440 2.091797
6.160000 0.014955 -0.455937 0.014955 -0.008187 -0.000982 2.385253 0.721780 1.663473
6.170000 0.003758 -0.014661 0.003758 -0.008119 -0.000902 2.524136 0.722889 1.801247
6.180000 0.031163 0.072389 0.031163 -0.008044 -0.000857 2.753417 0.724437 2.028980
6.190000 0.004977 0.009106 0.004977 -0.007961 -0.000843 2.559264 0.720567 1.838697
6.200000 0.010481 -0.397662 0.010481 -0.007880 -0.000824 2.845391 0.721559 2.123832
6.210000 0.010861 -0.114876 0.010861 -0.007799 -0.000809 2.890438 0.721503 2.168935
6.220000 0.014683 -0.111755 0.014683 -0.007715 -0.000807 2.665043 0.720470 1.944573
6.230000 0.015499 -0.041986 0.015499 -0.007627 -0.000823 2.447819 0.720316 1.727504
6.240000 0.000093 -0.163181 0.000093 -0.007542 -0.000831 2.746689 0.719889 2.026801
6.250000 0.018532 0.159788 0.018532 -0.007459 -0.000838 2.889587 0.720601 2.168986
6.260000 -0.014792 -0.080090 -0.014792 -0.007383 -0.000819 3.206955 0.718894 2.488062
6.270000 -0.003267 -0.004511 -0.003267 -0.007323 -0.000741 2.548543 0.717917 1.830626
6.280000 0.022727 0.083634 0.022727 -0.007261 -0.000675 2.097327 0.716700 1.380627
6.290000 0.016168 0.076910 0.016168 -0.007189 -0.000650 2.129581 0.716300 1.413280
6.300000 0.021136 -0.068012 0.021136 -0.007108 -0.000660 2.838384 0.718322 2.120063
6.310000 0.003956 -0.118807 0.003956 -0.007025 -0.000680 2.166719 0.715934 1.450784
6.320000 0.019285 0.212726 0.019285 -0.006941 -0.000707 2.089881 0.716682 1.373199
6.330000 0.004275 -0.307030 0.004275 -0.006856 -0.000740 2.923121 0.716907 2.206215
6.340000 0.011084 0.285369 0.011084 -0.006773 -0.000766 2.630301 0.716655 1.913646
6.350000 0.028296 0.180370 0.028296 -0.006682 -0.000827 2.702535 0.718517 1.984017
6.360000 0.009409 0.251539 0.009409 -0.006585 -0.000916 2.331335 0.716240 1.615095
6.370000 -0.000745 0.044626 -0.000745 -0.006494 -0.000981 2.914312 0.715660 2.198652
6.380000 -0.000346 -0.203682 -0.000346 -0.006414 -0.001011 2.321531 0.714509 1.607022
6.390000 -0.003589 -0.196769 -0.003589 -0.006345 -0.001004 2.800628 0.715238 2.085390
6.400000 0.008612 -0.148155 0.008612 -0.006281 -0.000981 2.327389 0.714516 1.612874
6.410000 0.011215 0.008538 0.011215 -0.006215 -0.000969 2.225329 0.714455 1.510874
6.420000 -0.003230 0.052664 -0.003230 -0.006153 -0.000945 2.205180 0.713945 1.491235
6.430000 0.012628 0.022377 0.012628 -0.006094 -0.000916 2.848434 0.715532 2.132902
6.440000 0.018489 -0.046329 0.018489 -0.006027 -0.000918 2.202733 0.713736 1.488996
6.450000 0.003087 -0.180685 0.003087 -0.005958 -0.000931 2.653017 0.714037 1.938980
6.460000 0.010061 -0.209360 0.010061 -0.005891 -0.000941 2.230893 0.712624 1.518269
6.470000 -0.003613 0.044645 -0.003613 -0.005828 -0.000937 2.914345 0.713874 2.200471
6.480000 -0.002782 0.271085 -0.002782 -0.005775 -0.000899 2.227466 0.713278 1.514189
6.490000 0.009934 -0.087602 0.009934 -0.005725 -0.000856 2.995119 0.714198 2.280921
6.500000 -0.000948 -0.196695 -0.000948 -0.005676 -0.000810 2.802382 0.712998 2.089384
6.510000 0.011533 -0.137775 0.011533 -0.005628 -0.000765 2.430991 0.713865 1.717126
6.520000 -0.001554 0.052701 -0.001554 -0.005581 -0.000719 2.203342 0.711985 1.491356
6.530000 0.015706 0.022427 0.015706 -0.005532 -0.000680 2.849631 0.714820 2.134811
6.540000 0.028634 0.230986 0.028634 -0.005470 -0.000698 2.397276 0.712210 1.685066
6.550000 -0.004249 -0.220680 -0.004249 -0.005403 -0.000732 2.815401 0.711165 2.104236
6.560000 0.001396 -0.020520 0.001396 -0.005345 -0.000737 2.464146 0.711020 1.753126
6.570000 0.006636 -0.020536 0.006636 -0.005290 -0.000734 2.469977 0.711497 1.758480
6.580000 -0.000519 -0.020536 -0.000519 -0.005238 -0.000720 2.467020 0.710435 1.756585
6.590000 0.002085 -0.180622 0.002085 -0.005192 -0.000691 2.653860 0.711371 1.942490
6.600000 0.005243 -0.139096 0.005243 -0.005147 -0.000657 2.963259 0.710016 2.253243
6.610000 -0.000209 0.271105 -0.000209 -0.005105 -0.000616 2.226532 0.710267 1.516265
6.620000 -0.003635 -0.127365 -0.003635 -0.005069 -0.000552 2.374545 0.709578 1.664967
6.630000 0.010015 -0.148060 0.010015 -0.005034 -0.000487 2.327332 0.709616 1.617717
6.640000 0.007234 0.008569 0.007234 -0.004996 -0.000438 2.223344 0.709482 1.513862
6.650000 0.001816 -0.046267 0.001816 -0.004957 -0.000390 1.997661 0.709426 1.288235
6.660000 0.026117 -0.238273 0.026117 -0.004911 -0.000375 2.979860 0.712054 2.267807
6.670000 0.001201 0.044684 0.001201 -0.004857 -0.000386 2.914714 0.709121 2.205593
6.680000 0.008280 0.251585 0.008280 -0.004805 -0.000392 2.326949 0.708761 1.618188
6.690000 -0.003767 0.044623 -0.003767 -0.004758 -0.000385 2.914923 0.709790 2.205133
6.700000 0.006716 0.271157 0.006716 -0.004714 -0.000365 2.225744 0.708880 1.516864
6.710000 0.000489 0.271054 0.000489 -0.004671 -0.000340 2.225986 0.708404 1.517582
6.720000 0.007136 0.117860 0.007136 -0.004630 -0.000312 2.645846 0.708689 1.937157
6.730000 0.002869 -0.196816 0.002869 -0.004590 -0.000284 2.801379 0.709272 2.092108
6.740000 0.014488 -0.258128 0.014488 -0.004546 -0.000269 2.566421 0.708802 1.857619
6.750000 0.010811 -0.066396 0.010811 -0.004495 -0.000279 2.459693 0.710810 1.748883
6.760000 -0.003558 0.276756 -0.003558 -0.004447 -0.000281 2.738554 0.707778 2.030776
6.770000 0.008951 -0.484773 0.008951 -0.004402 -0.000273 2.826961 0.707104 2.119857
6.780000 -0.003824 0.271086 -0.003824 -0.004360 -0.000255 2.225820 0.707208 1.518612
6.790000 0.020412 -0.085381 0.020412 -0.004315 -0.000249 2.838819 0.709608 2.129211
6.800000 0.002736 -0.020272 0.002736 -0.004265 -0.000263 2.466257 0.706348 1.759909
6.810000 -0.002515 0.044758 -0.002515 -0.004220 -0.000257 2.915494 0.708339 2.207155
6.820000 0.001460 0.271198 0.001460 -0.004181 -0.000232 2.225228 0.706284 1.518944
6.830000 -0.000029 -0.127390 -0.000029 -0.004146 -0.000193 2.373988 0.705594 1.668394
6.840000 -0.004589 -0.084368 -0.004589 -0.004116 -0.000133 2.467921 0.705872 1.762049
6.850000 0.002876 -0.069404 0.002876 -0.004091 -0.000058 2.963816 0.708167 2.255649
6.860000 0.021939 -0.117829 0.021939 -0.004057 -0.000015 2.869197 0.708272 2.160925
6.870000 0.015807 0.060961 0.015807 -0.004010 -0.000020 2.656456 0.704907 1.951550
6.880000 0.012055 -0.089954 0.012055 -0.003957 -0.000052 2.429827 0.704452 1.725375
6.890000 -0.002266 0.044633 -0.002266 -0.003905 -0.000078 2.915389 0.705177 2.210213
6.900000 0.000247 0.271105 0.000247 -0.003859 -0.000078 2.225013 0.704912 1.520101
6.910000 0.000564 -0.127352 0.000564 -0.003819 -0.000061 2.373569 0.704112 1.669457
6.920000 0.004041 0.085964 0.004041 -0.003781 -0.000035 2.372687 0.704520 1.668168
6.930000 -0.003140 -0.120225 -0.003140 -0.003746 0.000005 2.399873 0.703991 1.695882
6.940000 0.006624 -0.018256 0.006624 -0.003715 0.000054 2.670331 0.703214 1.967117
6.950000 0.019809 -0.024561 0.019809 -0.003674 0.000072 2.302238 0.703811 1.598427
6.960000 0.009331 0.003321 0.009331 -0.003626 0.000059 2.206831 0.703507 1.503325
6.970000 0.004316 -0.196942 0.004316 -0.003577 0.000045 2.802795 0.704368 2.098427
6.980000 0.008737 -0.158872 0.008737 -0.003527 0.000029 2.849591 0.703440 2.146151
6.990000 0.000429 -0.196896 0.000429 -0.003479 0.000019 2.800078 0.703510 2.096567
