0.000000 -0.861067 -0.861067 nan -0.000390 3.140129 1626.834473 nan nan
0.010000 -0.855476 -0.855476 nan -0.001500 3.135975 1615.560791 nan nan
0.020000 -0.861216 -0.861216 nan -0.003247 3.129452 1601.392822 nan nan
0.030000 -0.863967 -0.863967 nan -0.005563 3.120842 1588.633667 nan nan
0.040000 -0.864014 -0.864014 nan -0.008383 3.110417 1575.041626 nan nan
0.050000 -0.852636 -0.852636 nan -0.011644 3.098456 1562.516846 nan nan
0.060000 -0.867044 -0.867044 nan -0.015295 3.085190 1549.603271 nan nan
0.070000 -0.856984 -0.856984 nan -0.019293 3.070836 1535.777100 nan nan
0.080000 -0.856756 -0.856756 nan -0.023591 3.055618 1523.020264 nan nan
0.090000 -0.856895 -0.856895 nan -0.028153 3.039732 1510.228149 nan nan
0.100000 -0.844963 -0.844963 nan -0.032941 3.023376 1497.880249 nan nan
0.110000 -0.857511 -0.857511 nan -0.037927 3.006716 1485.247559 nan nan
0.120000 -0.801580 -0.801580 nan -0.043066 2.989981 1473.843018 nan nan
0.130000 -0.761587 -0.761587 nan -0.048296 2.973464 1462.973145 nan nan
0.140000 -0.847983 -0.847983 nan -0.053626 2.957194 1452.404419 nan nan
0.150000 -0.810779 -0.810779 nan -0.059063 2.941205 1441.212402 nan nan
0.160000 -0.757923 -0.757923 nan -0.064552 2.925755 1432.113403 nan nan
0.170000 -0.774318 -0.774318 nan -0.070070 2.910988 1424.328247 nan nan
0.180000 -0.759847 -0.759847 nan -0.075612 2.896973 1415.158081 nan nan
0.190000 -0.805440 -0.805440 nan -0.081188 2.883727 1406.931885 nan nan
0.200000 -0.762331 -0.762331 nan -0.086793 2.871314 1398.523926 nan nan
0.210000 -0.759951 -0.759951 nan -0.092402 2.859867 1389.923950 nan nan
0.220000 -0.800675 -0.800675 nan -0.098030 2.849372 1382.834839 nan nan
0.230000 -0.809957 -0.809957 nan -0.103697 2.839800 1375.384033 nan nan
0.240000 -0.736478 -0.736478 nan -0.109367 2.831307 1368.566162 nan nan
0.250000 -0.747719 -0.747719 nan -0.115013 2.824023 1362.564575 nan nan
0.260000 -0.766960 -0.766960 nan -0.120651 2.817918 1357.640503 nan nan
0.270000 -0.787752 -0.787752 nan -0.126298 2.812949 1352.344727 nan nan
0.280000 -0.758403 -0.758403 nan -0.131949 2.809154 1347.391968 nan nan
0.290000 -0.780823 -0.780823 nan -0.137600 2.806558 1342.590698 nan nan
0.300000 -0.807756 -0.807756 nan -0.143273 2.805095 1339.071289 nan nan
0.310000 -0.849008 -0.849008 nan -0.148995 2.804672 1334.547607 nan nan
0.320000 -0.889092 -0.889092 nan -0.154796 2.805186 1331.147339 nan nan
0.330000 -0.892095 -0.892095 nan -0.160686 2.806598 1327.280396 nan nan
0.340000 -0.780874 -0.780874 nan -0.166607 2.809110 1323.354980 nan nan
0.350000 -0.764669 -0.764669 nan -0.172501 2.812918 1322.502563 nan nan
0.360000 -0.755197 -0.755197 nan -0.178360 2.818038 1320.022217 nan nan
0.370000 -0.712642 -0.712642 nan -0.184165 2.824517 1319.136719 nan nan
0.380000 -0.712118 -0.712118 nan -0.189904 2.832378 1319.026855 nan nan
0.390000 -0.732916 -0.732916 nan -0.195595 2.841531 1319.232788 nan nan
0.400000 -0.742202 -0.742202 nan -0.201257 2.851876 1319.569946 nan nan
0.410000 -0.696426 -0.696426 nan -0.206877 2.863422 1320.834717 nan nan
0.420000 -0.639546 -0.639546 nan -0.212416 2.876268 1323.085693 nan nan
0.430000 -0.648239 -0.648239 nan -0.217864 2.890409 1325.263794 nan nan
0.440000 -0.608460 -0.608460 nan -0.223218 2.905804 1327.530273 nan nan
0.450000 -0.655425 -0.655425 nan -0.228495 2.922340 1330.996338 nan nan
0.460000 -0.524735 -0.524735 nan -0.233667 2.940061 1333.970947 nan nan
0.470000 -0.440286 -0.440286 nan -0.238652 2.959201 1339.152710 nan nan
0.480000 -0.374667 -0.374667 nan -0.243409 2.979853 1346.078979 nan nan
0.490000 -0.129770 -0.129770 nan -0.247826 3.002353 1351.975342 nan nan
0.500000 -0.104611 -0.104611 nan -0.251827 3.026910 1353.348999 nan nan
0.510000 0.243705 0.243705 nan -0.255293 3.053880 1351.864746 nan nan
0.520000 0.517394 0.517394 nan -0.258012 3.083960 1347.407837 nan nan
0.530000 0.584090 0.584090 nan -0.259925 3.117272 1341.942871 nan nan
0.540000 0.650848 0.650848 nan -0.261067 3.153558 1334.381348 nan nan
0.550000 0.784587 0.784587 nan -0.261445 3.192667 1325.160645 nan nan
0.560000 0.905275 0.905275 nan -0.261040 3.234519 1313.114990 nan nan
0.570000 0.909429 0.909429 nan -0.259896 3.278785 1301.595581 nan nan
0.580000 0.904572 0.904572 nan -0.258110 3.324934 1289.423584 nan nan
0.590000 0.907356 0.907356 nan -0.255768 3.372464 1276.936401 nan nan
0.600000 0.889043 0.889043 nan -0.252952 3.420880 1265.401245 nan nan
0.610000 0.933551 0.933551 nan -0.249717 3.469794 1253.544312 nan nan
0.620000 0.902251 0.902251 nan -0.246117 3.518818 1240.825195 nan nan
0.630000 0.924821 0.924821 nan -0.242207 3.567566 1227.694092 nan nan
0.640000 0.917011 0.917011 nan -0.238026 3.615721 1215.247681 nan nan
0.650000 0.930128 0.930128 nan -0.233611 3.662982 1202.756104 nan nan
0.660000 0.952083 0.952083 nan -0.228977 3.709118 1190.712402 nan nan
0.670000 0.956374 0.956374 nan -0.224144 3.753909 1177.926758 nan nan
0.680000 0.909186 0.909186 nan -0.219155 3.797066 1166.562988 nan nan
0.690000 0.905944 0.905944 nan -0.214050 3.838329 1155.160767 nan nan
0.700000 0.967542 0.967542 nan -0.208815 3.877602 1143.758301 nan nan
0.710000 0.766940 0.766940 nan -0.203523 3.914567 1133.259033 nan nan
0.720000 0.941608 0.941608 nan -0.198186 3.949085 1123.510376 nan nan
0.730000 0.755495 0.755495 nan -0.192811 3.981044 1113.972656 nan nan
0.740000 0.634048 0.634048 nan -0.187524 4.010048 1105.579224 nan nan
0.750000 0.637236 0.637236 nan -0.182357 4.035954 1097.408447 nan nan
0.760000 0.650197 0.650197 nan -0.177286 4.058765 1089.171021 nan nan
0.770000 0.674889 0.674889 nan -0.172281 4.078507 1081.588745 nan nan
0.780000 0.560637 0.560637 nan -0.167367 4.095084 1074.003784 nan nan
0.790000 0.622489 0.622489 nan -0.162551 4.108448 1066.635254 nan nan
0.800000 0.624821 0.624821 nan -0.157793 4.118659 1059.178711 nan nan
0.810000 0.636929 0.636929 nan -0.153081 4.125728 1051.300171 nan nan
0.820000 0.655405 0.655405 nan -0.148394 4.129679 1045.678833 nan nan
0.830000 0.764793 0.764793 nan -0.143679 4.130620 1038.300781 nan nan
0.840000 0.833325 0.833325 nan -0.138865 4.128688 1031.277832 nan nan
0.850000 0.826691 0.826691 nan -0.133940 4.123919 1023.690613 nan nan
0.860000 0.409454 0.409454 nan -0.129089 4.115935 1016.539307 nan nan
0.870000 0.411300 0.411300 nan -0.124469 4.104420 1013.126038 nan nan
0.880000 0.453847 0.453847 nan -0.120043 4.089471 1007.497253 nan nan
0.890000 0.619162 0.619162 nan -0.115711 4.071332 1002.940369 nan nan
0.900000 0.672507 0.672507 nan -0.111380 4.050242 997.181641 nan nan
0.910000 0.643090 0.643090 nan -0.107045 4.026261 990.885986 nan nan
0.920000 0.628027 0.628027 nan -0.102729 3.999389 986.223328 nan nan
0.930000 0.479618 0.479618 nan -0.098503 3.969513 982.118530 nan nan
0.940000 0.418693 0.418693 nan -0.094448 3.936493 978.416992 nan nan
0.950000 0.410985 0.410985 nan -0.090580 3.900358 976.143982 nan nan
0.960000 0.332317 0.332317 nan -0.086921 3.861121 973.457703 nan nan
0.970000 0.557617 0.557617 nan -0.083392 3.819100 971.548645 nan nan
0.980000 0.450834 0.450834 nan -0.079935 3.774563 967.204651 nan nan
0.990000 0.651260 0.651260 nan -0.076501 3.727783 964.841736 nan nan
1.000000 0.577250 0.577250 nan -0.073035 3.679067 963.658997 nan nan
1.010000 0.253690 0.253690 nan -0.069710 3.628011 960.927490 nan nan
1.020000 0.277350 0.277350 nan -0.066633 3.574413 959.732361 nan nan
1.030000 0.150289 0.150289 nan -0.063819 3.518378 958.387634 nan nan
1.040000 0.069511 0.069511 nan -0.061323 3.459882 960.355591 nan nan
1.050000 -0.075920 -0.075920 nan -0.059200 3.398907 963.632568 nan nan
1.060000 -0.447656 -0.447656 nan -0.057627 3.335001 967.627747 nan nan
1.070000 -0.688053 -0.688053 nan -0.056798 3.267650 969.605896 nan nan
1.080000 -0.857533 -0.857533 nan -0.056793 3.196771 972.617859 nan nan
1.090000 -0.954419 -0.954419 nan -0.057616 3.122597 972.243103 nan nan
1.100000 -0.946574 -0.946574 nan -0.059183 3.045703 971.030212 nan nan
1.110000 -0.965368 -0.965368 nan -0.061382 2.966801 970.533081 nan nan
1.120000 -0.965550 -0.965550 nan -0.064116 2.886567 969.341125 nan nan
1.130000 -0.965709 -0.965709 nan -0.067287 2.805670 969.179504 nan nan
1.140000 -0.965595 -0.965595 nan -0.070813 2.724730 969.245972 nan nan
1.150000 -0.967384 -0.967384 nan -0.074624 2.644302 969.534729 nan nan
1.160000 -0.996805 -0.996805 nan -0.078675 2.564835 969.819763 nan nan
1.170000 -0.999141 -0.999141 nan -0.082932 2.486726 970.160461 nan nan
1.180000 -0.996792 -0.996792 nan -0.087357 2.410355 969.274536 nan nan
1.190000 -0.999345 -0.999345 nan -0.091922 2.336048 968.415955 nan nan
1.200000 -0.999345 -0.999345 nan -0.096609 2.264075 967.491150 nan nan
1.210000 -0.971713 -0.971713 nan -0.101394 2.194692 967.273193 nan nan
1.220000 -0.998092 -0.998092 nan -0.106274 2.128089 966.715027 nan nan
1.230000 -0.992894 -0.992894 nan -0.111254 2.064406 965.131958 nan nan
1.240000 -0.999353 -0.999353 nan -0.116336 2.003780 962.642273 nan nan
1.250000 -0.911830 -0.911830 nan -0.121492 1.946375 959.819519 nan nan
1.260000 -0.940227 -0.940227 nan -0.126706 1.892310 956.236511 nan nan
1.270000 -0.820356 -0.820356 nan -0.131953 1.841694 953.425049 nan nan
1.280000 -0.501333 -0.501333 nan -0.137076 1.794739 950.390137 nan nan
1.290000 -0.076055 -0.076055 nan -0.141816 1.751682 946.379089 nan nan
1.300000 0.134005 0.134005 nan -0.145985 1.712626 942.769714 nan nan
1.310000 0.478186 0.478186 nan -0.149442 1.677586 938.793640 nan nan
1.320000 0.411477 0.411477 nan -0.152167 1.646499 935.300232 nan nan
1.330000 0.043502 0.043502 nan -0.154414 1.619222 931.405334 nan nan
1.340000 0.050108 0.050108 nan -0.156377 1.595673 927.441833 nan nan
1.350000 -0.054861 -0.054861 nan -0.158132 1.575822 923.277100 nan nan
1.360000 -0.393169 -0.393169 nan -0.159877 1.559653 918.879028 nan nan
1.370000 -0.543887 -0.543887 nan -0.161808 1.547171 914.872986 nan nan
1.380000 -0.542035 -0.542035 nan -0.163966 1.538386 910.135742 nan nan
1.390000 -0.425255 -0.425255 nan -0.166287 1.533298 905.792358 nan nan
1.400000 -0.442828 -0.442828 nan -0.168721 1.531901 901.390503 nan nan
1.410000 -0.590273 -0.590273 nan -0.171321 1.534204 895.969788 nan nan
1.420000 -0.408385 -0.408385 nan -0.174055 1.540203 890.626038 nan nan
1.430000 -0.514857 -0.514857 nan -0.176880 1.549888 885.673523 nan nan
1.440000 -0.603024 -0.603024 nan -0.179858 1.563263 880.478577 nan nan
1.450000 -0.661719 -0.661719 nan -0.183024 1.580321 874.800171 nan nan
1.460000 -0.932821 -0.932821 nan -0.186482 1.601045 868.340454 nan nan
1.470000 -0.847014 -0.847014 nan -0.190263 1.625410 860.452820 nan nan
1.480000 -0.941084 -0.941084 nan -0.194331 1.653389 853.335938 nan nan
1.490000 -0.845040 -0.845040 nan -0.198645 1.684959 845.572937 nan nan
1.500000 -0.839225 -0.839225 nan -0.203130 1.720111 837.224976 nan nan
1.510000 -0.759358 -0.759358 nan -0.207723 1.758842 827.815308 nan nan
1.520000 -0.734504 -0.734504 nan -0.212359 1.801157 817.930603 nan nan
1.530000 -0.727361 -0.727361 nan -0.217006 1.847044 807.598633 nan nan
1.540000 -0.754790 -0.754790 nan -0.221654 1.896467 795.843689 nan nan
1.550000 -0.858491 -0.858491 nan -0.226339 1.949329 783.598572 nan nan
1.560000 -0.778667 -0.778667 nan -0.231048 2.005577 770.960327 nan nan
1.570000 -0.700464 -0.700464 nan -0.235702 2.065250 758.209534 nan nan
1.580000 -0.307468 -0.307468 nan -0.240101 2.128624 743.412598 nan nan
1.590000 -0.122353 -0.122353 nan -0.244024 2.196066 727.782776 nan nan
1.600000 0.243553 0.243553 nan -0.247276 2.267971 710.957947 nan nan
1.610000 0.381027 0.381027 nan -0.249703 2.344681 692.732727 nan nan
1.620000 0.560931 0.560931 nan -0.251241 2.426357 673.203125 nan nan
1.630000 0.576759 0.576759 nan -0.251885 2.512966 651.567566 nan nan
1.640000 0.682050 0.682050 nan -0.251671 2.604339 628.012268 nan nan
1.650000 0.731468 0.731468 nan -0.250627 2.700262 603.865051 nan nan
1.660000 0.724751 0.724751 nan -0.248840 2.800267 577.638306 nan nan
1.670000 0.925794 0.925794 nan -0.246335 2.904040 549.984497 nan nan
1.680000 0.975577 0.975577 nan -0.243127 3.011238 518.846680 nan nan
1.690000 0.963163 0.963163 nan -0.239335 3.121078 485.891266 nan nan
1.700000 0.978692 0.978692 nan -0.235093 3.232678 450.602661 nan nan
1.710000 0.999157 0.999157 nan -0.230513 3.345204 416.955261 nan nan
1.720000 0.962308 0.962308 nan -0.225719 3.457775 385.416595 nan nan
1.730000 0.957373 0.957373 nan -0.220826 3.569558 356.091797 nan nan
1.740000 0.965527 0.965527 nan -0.215907 3.679907 328.917145 nan nan
1.750000 0.965517 0.965517 nan -0.211012 3.788296 303.855103 nan nan
1.760000 0.965443 0.965443 nan -0.206176 3.894295 280.628113 nan nan
1.770000 0.965461 0.965461 nan -0.201417 3.997572 259.490326 nan nan
1.780000 0.965522 0.965522 nan -0.196739 4.097876 239.009232 nan nan
1.790000 0.968260 0.968260 nan -0.192132 4.195020 220.971451 nan nan
1.800000 1.000000 1.000000 nan -0.187569 4.288889 203.704102 nan nan
1.810000 1.000000 1.000000 nan -0.183017 4.379388 187.384781 nan nan
1.820000 0.999979 0.999979 nan -0.178455 4.466424 173.138229 nan nan
1.830000 1.000000 1.000000 nan -0.173859 4.549923 160.703110 nan nan
1.840000 1.000000 1.000000 nan -0.169207 4.629827 149.096527 nan nan
1.850000 0.979861 0.979861 nan -0.164480 4.706090 137.946396 nan nan
1.860000 1.000000 1.000000 nan -0.159658 4.778677 127.490120 nan nan
1.870000 0.980129 0.980129 nan -0.154719 4.847565 118.476158 nan nan
1.880000 0.860085 0.860085 nan -0.149700 4.912772 110.912796 nan nan
1.890000 0.985188 0.985188 nan -0.144577 4.974293 104.575172 nan nan
1.900000 0.962880 0.962880 nan -0.139296 5.032107 98.807510 nan nan
1.910000 0.701639 0.701639 nan -0.133959 5.086371 93.837402 nan nan
1.920000 0.073835 0.073835 nan -0.128901 5.137608 88.400688 nan nan
1.930000 -0.315486 -0.315486 nan -0.124477 5.186480 83.889450 nan nan
1.940000 -0.435994 -0.435994 nan -0.120812 5.233380 79.861763 nan nan
1.950000 -0.503970 -0.503970 nan -0.117899 5.278490 76.604889 nan nan
1.960000 -0.593391 -0.593391 nan -0.115718 5.321968 73.126358 nan nan
1.970000 -0.622405 -0.622405 nan -0.114239 5.363933 70.686554 nan nan
1.980000 -0.663854 -0.663854 nan -0.113413 5.404460 67.720909 nan nan
1.990000 -0.705790 -0.705790 nan -0.113206 5.443635 65.661690 nan nan
2.000000 -0.706195 -0.706195 nan -0.113569 5.481495 63.495071 nan nan
2.010000 -0.710014 -0.710014 nan -0.114443 5.518044 61.761166 nan nan
2.020000 -0.856693 -0.856693 nan -0.115836 5.553451 59.915020 nan nan
2.030000 -0.835007 -0.835007 nan -0.117745 5.587843 57.982578 nan nan
2.040000 -0.897112 -0.897112 nan -0.120132 5.621258 55.467800 nan nan
2.050000 -0.849141 -0.849141 nan -0.122953 5.653692 53.113121 nan nan
2.060000 -0.876795 -0.876795 nan -0.126154 5.685113 51.899097 nan nan
2.070000 -0.845255 -0.845255 nan -0.129693 5.715509 50.470013 nan nan
2.080000 -0.888155 -0.888155 nan -0.133540 5.744901 49.867672 nan nan
2.090000 -0.899750 -0.899750 nan -0.137686 5.773369 49.322090 nan nan
2.100000 -0.909051 -0.909051 nan -0.142109 5.800948 48.288864 nan nan
2.110000 -0.956731 -0.956731 nan -0.146806 5.827728 47.285526 nan nan
2.120000 -0.981563 -0.981563 nan -0.151778 5.853820 46.572502 nan nan
2.130000 -0.958417 -0.958417 nan -0.156999 5.879228 45.080353 nan nan
2.140000 -0.980293 -0.980293 nan -0.162443 5.903958 44.798061 nan nan
2.150000 -0.972663 -0.972663 nan -0.168094 5.928047 43.984890 nan nan
2.160000 -0.955170 -0.955170 nan -0.173920 5.951472 43.045326 nan nan
2.170000 -0.955313 -0.955313 nan -0.179897 5.974233 42.351448 nan nan
2.180000 -0.934499 -0.934499 nan -0.186001 5.996329 42.307056 nan nan
2.190000 -0.932647 -0.932647 nan -0.192210 6.017762 42.159584 nan nan
2.200000 -0.997293 -0.997293 nan -0.198543 6.038680 41.658447 nan nan
2.210000 -0.996767 -0.996767 nan -0.205016 6.059217 40.652840 nan nan
2.220000 -0.924217 -0.924217 nan -0.211584 6.079283 39.559364 nan nan
2.230000 -0.957507 -0.957507 nan -0.218222 6.098861 38.667759 nan nan
2.240000 -0.881611 -0.881611 nan -0.224905 6.117929 38.354656 nan nan
2.250000 -0.883875 -0.883875 nan -0.231598 6.136430 38.010628 nan nan
2.260000 -0.776718 -0.776718 nan -0.238255 6.154259 38.022869 nan nan
2.270000 -0.870102 -0.870102 nan -0.244878 6.171488 37.875626 nan nan
2.280000 -0.943190 -0.943190 nan -0.251547 6.188478 37.991116 nan nan
2.290000 -0.842185 -0.842185 nan -0.258244 6.205228 37.269043 nan nan
2.300000 -0.926707 -0.926707 nan -0.264965 6.221776 37.366920 nan nan
2.310000 -0.907769 -0.907769 nan -0.271736 6.238288 36.575706 nan nan
2.320000 -0.727346 -0.727346 -1.000000 -0.278464 6.254474 36.070423 40.071949 -4.001526
2.330000 -0.820962 -0.812741 -0.820962 -0.285120 6.270286 35.472202 34.084698 1.387505
2.340000 -0.726769 -0.849291 -0.726769 -0.291714 6.285812 35.321709 33.682384 1.639324
2.350000 -0.513309 -0.725105 -0.513309 -0.298115 6.300629 35.236671 33.354481 1.882191
2.360000 -0.366643 -0.467627 -0.366643 -0.304189 6.314281 35.340740 33.196789 2.143951
2.370000 -0.360285 -0.590165 -0.360285 -0.309907 6.326716 34.327957 33.041336 1.286621
2.380000 -0.316569 -0.452921 -0.316569 -0.315289 6.338051 34.619469 32.900558 1.718910
2.390000 -0.239183 -0.367493 -0.239183 -0.320321 6.348275 34.116844 32.768559 1.348286
2.400000 -0.154834 -0.334513 -0.154834 -0.324972 6.357311 34.349483 32.631508 1.717976
2.410000 -0.150940 -0.339924 -0.150940 -0.329247 6.365214 34.417561 32.508183 1.909378
2.420000 -0.170286 -0.213816 -0.170286 -0.333197 6.372205 33.952957 32.381088 1.571869
2.430000 0.052245 0.253143 0.052245 -0.336767 6.378104 33.833660 32.204212 1.629448
2.440000 0.142255 0.153599 0.142255 -0.339864 6.382583 33.735680 32.085548 1.650131
2.450000 -0.115287 0.194355 -0.115287 -0.342618 6.386151 33.829048 31.924055 1.904993
2.460000 0.104926 0.454164 0.104926 -0.345082 6.389012 33.480072 31.794544 1.685528
2.470000 0.068464 0.068464 -1.000000 -0.347210 6.391005 33.362648 47.755379 -14.392731
2.480000 0.075093 0.338421 0.075093 -0.349051 6.392328 32.682453 31.373672 1.308781
2.490000 0.039540 0.274413 0.039540 -0.350652 6.393156 32.655140 30.900913 1.754227
2.500000 1.000000 0.121224 1.000000 -0.351620 6.392029 33.015003 32.400795 0.614208
2.510000 -0.018511 0.090816 -0.018511 -0.352070 6.389369 32.102020 30.295204 1.806816
2.520000 -0.100104 0.338353 -0.100104 -0.352539 6.387172 31.790190 30.260799 1.529390
2.530000 -0.397500 0.465671 -0.397500 -0.353196 6.386054 31.884922 29.984600 1.900322
2.540000 0.181642 0.181642 nan -0.353885 6.385437 31.467321 nan nan
2.550000 0.953109 0.265476 0.953109 -0.354002 6.383060 31.014181 30.075005 0.939177
2.560000 -0.079294 0.344580 -0.079294 -0.353743 6.379646 30.863541 28.750164 2.113377
2.570000 0.202913 0.414658 0.202913 -0.353470 6.376536 30.862736 28.462490 2.400246
2.580000 0.242848 0.242848 0.044782 -0.353045 6.373198 30.037230 35.348488 -5.311258
2.590000 -0.120721 0.321777 -0.120721 -0.352630 6.370230 29.611994 27.909338 1.702656
2.600000 0.173091 0.173091 nan -0.352249 6.367711 29.388758 nan nan
2.610000 0.283931 0.283931 nan -0.351721 6.364949 28.821644 nan nan
2.620000 -0.073260 0.403882 -0.073260 -0.351174 6.362420 29.146400 27.610844 1.535557
2.630000 0.320586 0.320586 -0.132821 -0.350587 6.360034 28.707544 43.106712 -14.399168
2.640000 0.205965 0.125665 0.205965 -0.349846 6.357350 28.318605 26.549213 1.769392
2.650000 -0.107347 0.331450 -0.107347 -0.349159 6.355141 27.809662 26.174961 1.634701
2.660000 0.196287 0.205322 0.196287 -0.348517 6.353369 27.248308 25.964581 1.283728
2.670000 0.172991 0.303109 0.172991 -0.347795 6.351553 27.181284 25.636911 1.544373
2.680000 0.025973 0.176880 0.025973 -0.347078 6.350007 26.798546 25.322060 1.476486
2.690000 0.074854 0.350987 0.074854 -0.346407 6.348878 26.324345 26.200941 0.123404
2.700000 0.412397 0.412397 -0.319849 -0.345601 6.347490 26.296749 473.261292 -446.964539
2.710000 -0.143051 0.154396 -0.143051 -0.344782 6.346285 25.910208 25.129839 0.780369
2.720000 0.100984 0.100984 nan -0.344081 6.345756 25.444647 nan nan
2.730000 0.190258 0.190258 -0.418733 -0.343339 6.345301 24.637974 47.255421 -22.617447
2.740000 0.212278 0.212278 nan -0.342510 6.344753 24.637999 nan nan
2.750000 0.279354 0.279354 nan -0.341566 6.343996 24.204020 nan nan
2.760000 0.344812 0.344812 nan -0.340459 6.342855 24.200785 nan nan
2.770000 0.101735 0.101735 nan -0.339290 6.341700 23.379885 nan nan
2.780000 0.330162 0.330162 nan -0.338067 6.340560 23.392286 nan nan
2.790000 0.287675 0.287675 nan -0.336716 6.339153 22.958160 nan nan
2.800000 -0.045607 -0.045607 nan -0.335422 6.338161 22.897722 nan nan
2.810000 -0.073864 -0.073864 nan -0.334335 6.338149 22.120529 nan nan
2.820000 0.499578 0.499578 nan -0.333185 6.338101 22.652809 nan nan
2.830000 0.294202 0.294202 nan -0.331821 6.337457 22.091805 nan nan
2.840000 0.395346 0.395346 nan -0.330312 6.336468 22.052359 nan nan
2.850000 0.239545 0.239545 nan -0.328701 6.335289 21.023594 nan nan
2.860000 0.690608 0.690608 nan -0.326861 6.333449 21.025078 nan nan
2.870000 0.208995 0.208995 nan -0.324840 6.331116 20.701542 nan nan
2.880000 0.457153 0.457153 nan -0.322756 6.328721 19.449499 nan nan
2.890000 0.224755 0.224755 nan -0.320612 6.326270 19.550972 nan nan
2.900000 0.398814 0.398814 nan -0.318438 6.323862 19.359512 nan nan
2.910000 0.304407 0.304407 nan -0.316202 6.321375 18.457748 nan nan
2.920000 0.200719 0.200719 nan -0.314001 6.319156 18.671377 nan nan
2.930000 0.426984 0.426984 nan -0.311771 6.316965 18.210890 nan nan
2.940000 -0.121977 -0.121977 nan -0.309667 6.315368 18.159641 nan nan
2.950000 0.465896 0.465896 nan -0.307646 6.314203 18.031265 nan nan
2.960000 -0.033643 -0.033643 nan -0.305670 6.313318 17.325251 nan nan
2.970000 0.232505 0.232505 nan -0.303830 6.313055 17.719707 nan nan
2.980000 0.329022 0.329022 0.023763 -0.301952 6.312756 17.230736 24.111610 -6.880875
2.990000 0.241354 0.241354 nan -0.300036 6.312428 17.116047 nan nan
3.000000 0.322097 0.322097 nan -0.298089 6.312090 16.792641 nan nan
3.010000 0.179662 0.179662 nan -0.296144 6.311866 16.440304 nan nan
3.020000 0.448956 0.448956 nan -0.294141 6.311527 16.216509 nan nan
3.030000 0.557207 0.557207 nan -0.291918 6.310473 15.727042 nan nan
3.040000 0.361158 0.361158 nan -0.289544 6.308949 15.678625 nan nan
3.050000 0.285668 0.285668 nan -0.287154 6.307460 15.349112 nan nan
3.060000 0.187643 0.187643 nan -0.284827 6.306297 15.258362 nan nan
3.070000 0.733929 0.733929 nan -0.282350 6.304660 15.252315 nan nan
3.080000 0.471668 0.471668 nan -0.279622 6.302157 14.139196 nan nan
3.090000 -0.091736 0.314965 -0.091736 -0.277040 6.300272 14.362870 13.492415 0.870455
3.100000 0.421826 0.421826 0.721059 -0.274600 6.298981 14.061402 15.152777 -1.091374
3.110000 0.463358 0.403406 0.463358 -0.272042 6.297310 13.619721 12.496021 1.123700
3.120000 -0.023873 -0.023873 nan -0.269584 6.296061 13.050486 nan nan
3.130000 0.147869 0.147869 nan -0.267347 6.295692 13.259635 nan nan
3.140000 0.596844 0.596844 nan -0.265029 6.295064 13.198326 nan nan
3.150000 0.564965 0.564965 nan -0.262457 6.293528 12.996058 nan nan
3.160000 0.662737 0.243589 0.662737 -0.259630 6.291070 12.510745 11.307728 1.203017
3.170000 0.121447 0.121447 nan -0.256778 6.288548 12.058695 nan nan
3.180000 0.321615 0.189697 0.321615 -0.254048 6.286508 11.875993 10.650009 1.225984
3.190000 0.220046 0.220046 nan -0.251387 6.284734 11.663772 nan nan
3.200000 1.000000 0.210198 1.000000 -0.248475 6.282028 11.975266 10.908190 1.067076
3.210000 0.011580 -0.136968 0.011580 -0.245450 6.278892 12.043305 9.732013 2.311293
3.220000 0.227383 -0.064528 0.227383 -0.242656 6.276608 11.446795 9.538098 1.908696
3.230000 0.047191 0.047191 nan -0.240056 6.275023 11.507916 nan nan
3.240000 0.071523 0.199038 0.071523 -0.237693 6.274302 11.053221 9.377113 1.676107
3.250000 0.431074 0.192630 0.431074 -0.235368 6.273690 10.494532 9.244292 1.250239
3.260000 -0.016094 -0.016094 nan -0.233123 6.273341 10.760213 nan nan
3.270000 0.290496 0.232639 0.290496 -0.231004 6.273429 10.665839 9.042332 1.623507
3.280000 0.800460 0.320454 0.800460 -0.228632 6.272533 10.330883 9.061991 1.268892
3.290000 0.055714 0.363850 0.055714 -0.226151 6.271190 10.484307 8.358957 2.125350
3.300000 0.273654 0.177360 0.273654 -0.223799 6.270286 9.885789 8.492622 1.393167
3.310000 0.146216 0.429519 0.146216 -0.221524 6.269622 9.589479 8.097833 1.491647
3.320000 0.327605 0.408147 0.327605 -0.219291 6.269065 10.051088 8.054015 1.997073
3.330000 0.316521 0.316521 -0.251194 -0.217020 6.268316 9.789802 30.159489 -20.369686
3.340000 0.097722 0.545356 0.097722 -0.214820 6.267778 9.426576 7.705665 1.720911
3.350000 0.296595 0.489844 0.296595 -0.212688 6.267438 9.428312 7.589017 1.839295
3.360000 0.165219 -0.017007 0.165219 -0.210590 6.267165 9.633829 7.530601 2.103229
3.370000 0.107810 0.133359 0.107810 -0.208604 6.267255 9.298536 7.314908 1.983629
3.380000 0.382902 0.531945 0.382902 -0.206618 6.267288 9.190977 7.272760 1.918217
3.390000 0.365732 0.269075 0.365732 -0.204520 6.266842 9.084616 7.070091 2.014524
3.400000 0.233265 0.177018 0.233265 -0.202391 6.266218 8.640692 6.891230 1.749462
3.410000 0.124604 0.345337 0.124604 -0.200340 6.265826 8.697052 6.773299 1.923753
3.420000 0.496890 0.344755 0.496890 -0.198238 6.265177 8.080021 6.722252 1.357769
3.430000 0.215740 0.572507 0.215740 -0.196055 6.264158 8.412507 6.503425 1.909082
3.440000 0.209610 0.136950 0.209610 -0.193925 6.263271 8.348292 6.393896 1.954397
3.450000 0.060920 0.358752 0.060920 -0.191913 6.262751 8.542819 6.289564 2.253255
3.460000 0.268930 0.228161 0.268930 -0.189976 6.262435 7.699527 6.204926 1.494600
3.470000 0.270657 0.382026 0.270657 -0.188013 6.261948 8.319100 6.097454 2.221647
3.480000 0.044011 0.441883 0.044011 -0.186130 6.261682 7.895526 5.992578 1.902948
3.490000 0.173468 0.299628 0.173468 -0.184357 6.261751 7.742033 5.907942 1.834091
3.500000 0.271215 0.348182 0.271215 -0.182582 6.261731 7.947569 5.828897 2.118672
3.510000 0.187611 0.292241 0.187611 -0.180800 6.261607 7.442251 5.717171 1.725080
3.520000 0.078017 0.344094 0.078017 -0.179098 6.261703 7.390476 5.629377 1.761098
3.530000 0.134156 0.509673 0.134156 -0.177489 6.262069 7.814411 5.562242 2.252169
3.540000 0.112215 0.488980 0.112215 -0.175949 6.262614 7.453625 5.497038 1.956587
3.550000 0.280665 0.712893 0.280665 -0.174402 6.263061 7.529955 5.415251 2.114704
3.560000 0.283610 0.387079 0.283610 -0.172776 6.263133 6.929771 5.316301 1.613470
3.570000 0.080356 0.460500 0.080356 -0.171169 6.263206 6.977023 5.216126 1.760897
3.580000 0.162033 0.327295 0.162033 -0.169631 6.263464 6.747841 5.143818 1.604023
3.590000 0.175207 0.418905 0.175207 -0.168113 6.263724 7.459239 5.073123 2.386116
3.600000 0.198383 0.061234 0.198383 -0.166596 6.263918 6.961818 4.995272 1.966547
3.610000 0.159521 0.250716 0.159521 -0.165089 6.264074 7.205977 4.914607 2.291370
3.620000 0.156875 0.333444 0.156875 -0.163607 6.264257 6.494497 4.850502 1.643996
3.630000 0.076353 0.500566 0.076353 -0.162186 6.264598 6.402237 4.780178 1.622059
3.640000 0.204092 0.409192 0.204092 -0.160796 6.264987 7.187719 4.730158 2.457561
3.650000 0.131228 0.397086 0.131228 -0.159411 6.265329 6.631248 4.656998 1.974250
3.660000 0.142939 0.575004 0.142939 -0.158057 6.265721 6.606459 4.587548 2.018910
3.670000 0.087327 0.497793 0.087327 -0.156751 6.266227 5.910100 4.523529 1.386571
3.680000 0.186296 0.324102 0.186296 -0.155466 6.266753 6.869528 4.470888 2.398640
3.690000 0.146600 0.422989 0.146600 -0.154176 6.267196 6.311630 4.401236 1.910394
3.700000 0.187198 0.174741 0.187198 -0.152879 6.267558 5.818794 4.341612 1.477181
3.710000 0.188917 0.279785 0.188917 -0.151559 6.267772 6.404981 4.274337 2.130644
3.720000 0.190855 0.702293 0.190855 -0.150216 6.267845 6.509478 4.214844 2.294634
3.730000 0.142338 0.554644 0.142338 -0.148874 6.267864 5.910878 4.142363 1.768515
3.740000 0.146218 0.244463 0.146218 -0.147552 6.267903 5.813989 4.089958 1.724030
3.750000 0.110876 0.546252 0.110876 -0.146263 6.268007 5.785595 4.031847 1.753748
3.760000 0.108061 0.267637 0.108061 -0.145018 6.268226 5.769004 3.981098 1.787906
3.770000 0.150716 0.516275 0.150716 -0.143796 6.268472 5.153912 3.931182 1.222730
3.780000 0.117316 0.233616 0.117316 -0.142591 6.268725 5.622040 3.879595 1.742445
3.790000 0.143839 -0.094375 0.143839 -0.141402 6.268990 5.529351 3.830076 1.699275
3.800000 0.086342 0.563473 0.086342 -0.140243 6.269312 5.295023 3.780037 1.514987
3.810000 0.139958 0.797489 0.139958 -0.139111 6.269686 5.660707 3.732851 1.927856
3.820000 0.067541 0.054454 0.067541 -0.138012 6.270136 5.276093 3.683225 1.592868
3.830000 0.146345 0.503868 0.146345 -0.136940 6.270635 5.053484 3.644480 1.409004
3.840000 0.081151 0.209154 0.081151 -0.135885 6.271155 5.425725 3.594056 1.831670
3.850000 0.112532 -0.113818 0.112532 -0.134861 6.271745 6.017538 3.555787 2.461751
3.860000 0.131719 0.578055 0.131719 -0.133842 6.272310 5.311590 3.513441 1.798148
3.870000 0.125484 0.501989 0.125484 -0.132821 6.272830 5.519207 3.463356 2.055851
3.880000 0.123049 0.572081 0.123049 -0.131803 6.273322 5.769156 3.418566 2.350589
3.890000 0.109858 0.402231 0.109858 -0.130794 6.273814 4.972676 3.374522 1.598154
3.900000 0.116161 0.622851 0.116161 -0.129797 6.274314 4.961947 3.331959 1.629989
3.910000 0.136493 0.640416 0.136493 -0.128798 6.274775 5.614029 3.289867 2.324163
3.920000 0.177368 0.389549 0.177368 -0.127770 6.275097 5.154866 3.243440 1.911427
3.930000 0.133955 0.505909 0.133955 -0.126719 6.275300 4.501180 3.193343 1.307837
3.940000 0.156561 0.294336 0.156561 -0.125655 6.275428 4.840091 3.148775 1.691316
3.950000 0.129311 0.240194 0.129311 -0.124583 6.275496 4.765535 3.102406 1.663129
3.960000 0.148180 0.117270 0.148180 -0.123506 6.275519 4.674466 3.062294 1.612172
3.970000 0.118336 0.252297 0.118336 -0.122432 6.275521 4.702006 3.019619 1.682387
3.980000 0.125985 0.048079 0.125985 -0.121368 6.275536 4.315781 2.977334 1.338447
3.990000 0.111988 0.056392 0.111988 -0.120317 6.275570 4.525538 2.939294 1.586245
4.000000 0.124632 0.056555 0.124632 -0.119278 6.275621 4.486429 2.902481 1.583948
4.010000 0.141014 0.310843 0.141014 -0.118236 6.275634 4.495771 2.863373 1.632398
4.020000 0.118933 0.122322 0.118933 -0.117195 6.275621 4.007365 2.822339 1.185026
4.030000 0.101349 -0.120492 0.101349 -0.116172 6.275649 4.585425 2.786317 1.799108
4.040000 0.128815 -0.025228 0.128815 -0.115160 6.275692 4.249796 2.752503 1.497293
4.050000 0.124791 0.120050 0.124791 -0.114148 6.275706 4.183095 2.714247 1.468848
4.060000 0.130047 0.123245 0.130047 -0.113136 6.275691 4.695604 2.679026 2.016578
4.070000 0.098621 -0.048587 0.098621 -0.112135 6.275690 4.524141 2.644567 1.879574
4.080000 0.111035 -0.181357 0.111035 -0.111151 6.275730 4.450419 2.610435 1.839983
4.090000 0.114832 0.148992 0.114832 -0.110177 6.275775 3.696066 2.577654 1.118412
4.100000 0.132163 -0.050949 0.132163 -0.109202 6.275788 4.155110 2.544801 1.610309
4.110000 0.108206 0.233209 0.108206 -0.108228 6.275781 4.219278 2.512251 1.707027
4.120000 0.128352 -0.050790 0.128352 -0.107257 6.275758 4.038622 2.479270 1.559352
4.130000 0.100182 -0.034046 0.100182 -0.106293 6.275733 4.038484 2.445800 1.592685
4.140000 0.126906 0.046249 0.126906 -0.105335 6.275702 3.994124 2.416002 1.578122
4.150000 0.101556 0.037583 0.101556 -0.104382 6.275664 4.316610 2.383633 1.932977
4.160000 0.114694 -0.139997 0.114694 -0.103439 6.275635 3.677241 2.354665 1.322576
4.170000 0.085293 -0.105601 0.085293 -0.102513 6.275639 3.808806 2.325628 1.483179
4.180000 0.069816 0.059609 0.069816 -0.101620 6.275743 3.927114 2.299692 1.627422
4.190000 0.129732 0.049569 0.129732 -0.100738 6.275858 3.647244 2.275065 1.372179
4.200000 0.103763 0.133527 0.103763 -0.099850 6.275925 3.409942 2.244109 1.165833
4.210000 0.110062 0.122654 0.110062 -0.098965 6.275979 3.906209 2.217369 1.688839
4.220000 0.102814 0.289543 0.102814 -0.098085 6.276021 3.480658 2.189189 1.291469
4.230000 0.113462 0.007442 0.113462 -0.097206 6.276042 4.049998 2.162836 1.887162
4.240000 0.099073 -0.183970 0.099073 -0.096330 6.276050 4.015413 2.136313 1.879100
4.250000 0.098155 -0.103859 0.098155 -0.095464 6.276068 3.869035 2.110701 1.758335
4.260000 0.093806 -0.111840 0.093806 -0.094609 6.276101 3.748958 2.085837 1.663121
4.270000 0.089758 -0.276316 0.089758 -0.093768 6.276159 3.485073 2.061594 1.423479
4.280000 0.093466 0.014811 0.093466 -0.092938 6.276236 3.534173 2.038750 1.495423
4.290000 0.098548 -0.337171 0.098548 -0.092116 6.276312 3.632483 2.015784 1.616699
4.300000 0.122090 -0.527947 0.122090 -0.091286 6.276338 3.972556 1.991792 1.980763
4.310000 0.089655 0.222384 0.089655 -0.090455 6.276332 3.466466 1.965844 1.500622
4.320000 0.083433 -0.345294 0.083433 -0.089640 6.276360 3.290333 1.943760 1.346573
4.330000 0.069117 -0.490678 0.069117 -0.088847 6.276448 3.366819 1.922874 1.443945
4.340000 0.101582 -0.163754 0.101582 -0.088066 6.276556 3.365434 1.902937 1.462497
4.350000 0.100852 -0.092835 0.100852 -0.087283 6.276628 3.119909 1.880443 1.239466
4.360000 0.094997 0.168854 0.094997 -0.086499 6.276677 3.484780 1.858803 1.625977
4.370000 0.089128 -0.080926 0.089128 -0.085720 6.276721 3.374050 1.837107 1.536943
4.380000 0.093410 0.013844 0.093410 -0.084947 6.276762 3.052232 1.816731 1.235501
4.390000 0.091785 -0.282969 0.091785 -0.084178 6.276792 3.766397 1.796984 1.969413
4.400000 0.077120 -0.300463 0.077120 -0.083419 6.276839 3.213478 1.776582 1.436896
4.410000 0.087573 -0.029320 0.087573 -0.082671 6.276904 3.356272 1.757994 1.598278
4.420000 0.092050 -0.300359 0.092050 -0.081926 6.276958 3.167679 1.738881 1.428798
4.430000 0.096025 0.039965 0.096025 -0.081181 6.276985 3.062214 1.719506 1.342708
4.440000 0.079900 -0.080105 0.079900 -0.080440 6.277008 3.163122 1.700463 1.462659
4.450000 0.097630 0.115366 0.097630 -0.079703 6.277020 3.103689 1.682846 1.420843
4.460000 0.097142 -0.347035 0.097142 -0.078961 6.276993 3.501478 1.663970 1.837508
4.470000 0.070052 -0.161563 0.070052 -0.078227 6.276974 3.119574 1.645061 1.474514
4.480000 0.062694 -0.315210 0.062694 -0.077516 6.277017 2.738464 1.629158 1.109306
4.490000 0.079469 -0.096853 0.079469 -0.076821 6.277096 3.031555 1.613378 1.418178
4.500000 0.093146 -0.097004 0.093146 -0.076126 6.277154 3.020304 1.597181 1.423123
4.510000 0.080271 -0.196286 0.080271 -0.075431 6.277191 2.885791 1.579543 1.306247
4.520000 0.088897 -0.059822 0.088897 -0.074738 6.277213 3.055261 1.563814 1.491446
4.530000 0.079172 0.016835 0.079172 -0.074048 6.277221 3.305783 1.546995 1.758788
4.540000 0.080043 -0.328491 0.080043 -0.073363 6.277230 3.059660 1.531872 1.527788
4.550000 0.081661 -0.086117 0.081661 -0.072683 6.277233 2.690610 1.515805 1.174805
4.560000 0.079185 -0.051011 0.079185 -0.072007 6.277229 3.207612 1.500807 1.706805
4.570000 0.067417 -0.076381 0.067417 -0.071341 6.277241 3.297061 1.486146 1.810915
4.580000 0.076064 0.059195 0.076064 -0.070684 6.277269 2.812199 1.472099 1.340100
4.590000 0.060882 0.004225 0.060882 -0.070040 6.277321 3.139915 1.457849 1.682066
4.600000 0.078434 0.230157 0.078434 -0.069406 6.277387 3.201057 1.444920 1.756137
4.610000 0.072244 -0.115838 0.072244 -0.068775 6.277445 2.540521 1.430722 1.109799
4.620000 0.066200 -0.043948 0.066200 -0.068153 6.277514 2.808272 1.417199 1.391073
4.630000 0.074811 0.043833 0.074811 -0.067536 6.277585 3.377342 1.404816 1.972526
4.640000 0.081944 -0.277250 0.081944 -0.066919 6.277631 2.847881 1.391607 1.456273
4.650000 0.081434 -0.400258 0.081434 -0.066298 6.277641 2.867892 1.377741 1.490151
4.660000 0.061783 -0.319684 0.061783 -0.065682 6.277652 3.120238 1.364549 1.755688
4.670000 0.062627 -0.273551 0.062627 -0.065079 6.277691 3.024508 1.352695 1.671813
4.680000 0.077565 -0.344071 0.077565 -0.064480 6.277728 3.011799 1.340861 1.670937
4.690000 0.066783 -0.388797 0.066783 -0.063884 6.277752 2.593910 1.328480 1.265429
4.700000 0.066485 -0.264351 0.066485 -0.063295 6.277783 3.002361 1.316610 1.685752
4.710000 0.072759 -0.337982 0.072759 -0.062710 6.277807 3.026040 1.305465 1.720575
4.720000 0.064607 0.013436 0.064607 -0.062128 6.277826 2.927837 1.293532 1.634305
4.730000 0.060722 -0.254735 0.060722 -0.061556 6.277859 2.622094 1.282584 1.339509
4.740000 0.063016 0.083204 0.063016 -0.060991 6.277905 2.927039 1.272143 1.654896
4.750000 0.063087 -0.237560 0.063087 -0.060434 6.277955 3.459424 1.261570 2.197853
4.760000 0.065879 -0.092963 0.065879 -0.059881 6.278003 2.626230 1.250901 1.375329
4.770000 0.053653 -0.186447 0.053653 -0.059336 6.278064 2.824919 1.240579 1.584339
4.780000 0.066051 -0.057604 0.066051 -0.058799 6.278132 3.056414 1.230941 1.825473
4.790000 0.059147 -0.316206 0.059147 -0.058265 6.278198 2.950436 1.220577 1.729859
4.800000 0.059294 0.059799 0.059294 -0.057738 6.278269 2.787481 1.210765 1.576716
4.810000 0.059247 0.285546 0.059247 -0.057217 6.278344 2.893831 1.201313 1.692518
4.820000 0.058796 0.285622 0.058796 -0.056701 6.278421 2.880352 1.192038 1.688314
4.830000 0.060743 -0.046962 0.060743 -0.056190 6.278497 2.496427 1.182529 1.313897
4.840000 0.062197 -0.037380 0.062197 -0.055680 6.278563 2.530793 1.173564 1.357229
4.850000 0.060004 -0.168329 0.060004 -0.055173 6.278620 2.473961 1.163876 1.310086
4.860000 0.066896 -0.336042 0.066896 -0.054666 6.278660 2.733781 1.155142 1.578639
4.870000 0.058450 -0.189904 0.058450 -0.054159 6.278687 2.627532 1.145718 1.481813
4.880000 0.058589 -0.207561 0.058589 -0.053657 6.278712 2.597253 1.137443 1.459811
4.890000 0.056229 -0.163214 0.056229 -0.053159 6.278739 2.761947 1.128592 1.633356
4.900000 0.058623 -0.352330 0.058623 -0.052665 6.278766 2.812013 1.120511 1.691502
4.910000 0.058181 -0.444997 0.058181 -0.052175 6.278787 2.572367 1.111843 1.460524
4.920000 0.060667 -0.352719 0.060667 -0.051686 6.278798 2.641011 1.103954 1.537058
4.930000 0.055079 -0.168862 0.055079 -0.051200 6.278803 2.912927 1.095687 1.817239
4.940000 0.050447 -0.032685 0.050447 -0.050721 6.278820 2.477071 1.087736 1.389334
4.950000 0.048681 -0.257863 0.048681 -0.050251 6.278854 2.748663 1.080523 1.668140
4.960000 0.058802 -0.006745 0.058802 -0.049786 6.278888 2.442149 1.073204 1.368945
4.970000 0.048943 -0.204479 0.048943 -0.049324 6.278922 2.470132 1.065547 1.404585
4.980000 0.058073 -0.070849 0.058073 -0.048866 6.278953 2.869831 1.058486 1.811345
4.990000 0.046415 -0.189673 0.046415 -0.048413 6.278985 2.299701 1.051016 1.248685
5.000000 0.045821 -0.213542 0.045821 -0.047968 6.279037 3.057074 1.044592 2.012482
5.010000 0.051468 -0.213878 0.051468 -0.047530 6.279096 3.050403 1.037853 2.012550
5.020000 0.052281 -0.362131 0.052281 -0.047095 6.279150 2.407835 1.030886 1.376949
5.030000 0.049203 -0.103504 0.049203 -0.046662 6.279201 2.510014 1.024204 1.485811
5.040000 0.049288 -0.330720 0.049288 -0.046234 6.279253 2.461395 1.017730 1.443664
5.050000 0.054657 -0.245426 0.054657 -0.045807 6.279295 2.806577 1.011347 1.795230
5.060000 0.044172 -0.218905 0.044172 -0.045384 6.279336 2.564229 1.004674 1.559555
5.070000 0.047879 -0.218997 0.047879 -0.044967 6.279387 2.559057 0.998574 1.560482
5.080000 0.046846 -0.218978 0.046846 -0.044554 6.279438 2.555315 0.992572 1.562743
5.090000 0.046868 -0.218995 0.046868 -0.044145 6.279492 2.551665 0.986473 1.565192
5.100000 0.051840 -0.056541 0.051840 -0.043737 6.279538 2.546843 0.980584 1.566259
5.110000 0.043360 -0.339108 0.043360 -0.043333 6.279582 2.839425 0.974601 1.864825
5.120000 0.047291 -0.418358 0.047291 -0.042933 6.279630 2.268176 0.968990 1.299186
5.130000 0.050660 -0.127596 0.050660 -0.042534 6.279667 2.346178 0.963363 1.382815
5.140000 0.041740 -0.115339 0.041740 -0.042139 6.279705 2.562888 0.957592 1.605296
5.150000 0.043676 -0.115247 0.043676 -0.041749 6.279751 2.558337 0.952242 1.606095
5.160000 0.044078 -0.090040 0.044078 -0.041364 6.279801 2.380650 0.946831 1.433819
5.170000 0.049493 0.037498 0.049493 -0.040979 6.279843 2.462839 0.941551 1.521288
5.180000 0.046853 -0.192230 0.046853 -0.040595 6.279873 2.927891 0.936338 1.991553
5.190000 0.040536 -0.069685 0.040536 -0.040215 6.279905 3.072525 0.930991 2.141534
5.200000 0.045485 0.016191 0.045485 -0.039838 6.279940 2.567731 0.925955 1.641777
5.210000 0.036898 -0.112130 0.036898 -0.039467 6.279982 2.824773 0.921194 1.903579
5.220000 0.053217 -0.274844 0.053217 -0.039097 6.280017 2.806310 0.916526 1.889784
5.230000 0.046017 -0.241130 0.046017 -0.038724 6.280029 2.124923 0.911123 1.213800
5.240000 0.041576 -0.225305 0.041576 -0.038353 6.280039 2.825834 0.906182 1.919652
5.250000 0.041090 0.055900 0.041090 -0.037987 6.280054 2.292739 0.901478 1.391261
5.260000 0.049834 -0.450035 0.049834 -0.037622 6.280058 2.913091 0.897340 2.015751
5.270000 0.037140 -0.069038 0.037140 -0.037258 6.280059 1.925527 0.892019 1.033508
5.280000 0.045096 0.025393 0.045096 -0.036898 6.280062 2.191567 0.887972 1.303595
5.290000 0.041529 -0.399918 0.041529 -0.036539 6.280060 2.320846 0.883325 1.437520
5.300000 0.038075 -0.353287 0.038075 -0.036185 6.280063 2.419151 0.878957 1.540194
5.310000 0.046514 -0.253571 0.046514 -0.035833 6.280060 2.500493 0.875016 1.625477
5.320000 0.042021 -0.295793 0.042021 -0.035481 6.280046 2.517894 0.870437 1.647457
5.330000 0.038436 0.110372 0.038436 -0.035131 6.280032 2.179986 0.866341 1.313645
5.340000 0.031637 -0.266598 0.031637 -0.034790 6.280036 2.131949 0.862407 1.269542
5.350000 0.042472 -0.170401 0.042472 -0.034454 6.280046 2.498316 0.858787 1.639529
5.360000 0.037675 -0.285385 0.037675 -0.034119 6.280052 2.460157 0.854894 1.605264
5.370000 0.037629 -0.250864 0.037629 -0.033788 6.280060 2.354445 0.851077 1.503367
5.380000 0.034141 -0.247598 0.034141 -0.033461 6.280075 2.655582 0.847332 1.808250
5.390000 0.033563 -0.025155 0.033563 -0.033141 6.280101 2.299244 0.843939 1.455305
5.400000 0.035283 -0.152091 0.035283 -0.032826 6.280135 2.271236 0.840384 1.430852
5.410000 0.038536 -0.303164 0.038536 -0.032513 6.280165 2.693700 0.837030 1.856670
5.420000 0.034836 -0.352148 0.034836 -0.032202 6.280191 2.763987 0.833568 1.930420
5.430000 0.032381 -0.352187 0.032381 -0.031896 6.280225 2.757401 0.830102 1.927299
5.440000 0.032777 -0.352159 0.032777 -0.031595 6.280266 2.753101 0.827023 1.926078
5.450000 0.035022 -0.352242 0.035022 -0.031297 6.280309 2.748510 0.823861 1.924649
5.460000 0.039095 -0.327667 0.039095 -0.030999 6.280341 2.556463 0.820943 1.735520
5.470000 0.033600 -0.391352 0.033600 -0.030701 6.280366 2.534972 0.816880 1.718092
5.480000 0.032742 -0.492768 0.032742 -0.030408 6.280394 2.384352 0.813910 1.570442
5.490000 0.032457 -0.012261 0.032457 -0.030118 6.280425 2.659930 0.810852 1.849078
5.500000 0.032647 -0.012338 0.032647 -0.029831 6.280457 2.663630 0.807790 1.855841
5.510000 0.032492 0.004802 0.032492 -0.029547 6.280491 2.937702 0.804954 2.132748
5.520000 0.028645 0.009497 0.028645 -0.029268 6.280531 2.420837 0.801833 1.619004
5.530000 0.034441 0.004839 0.034441 -0.028991 6.280573 2.933460 0.799240 2.134220
5.540000 0.032406 -0.277362 0.032406 -0.028715 6.280608 2.944919 0.796417 2.148502
5.550000 0.034556 -0.027267 0.034556 -0.028441 6.280637 2.354095 0.793645 1.560449
5.560000 0.035268 0.108901 0.035268 -0.028165 6.280655 2.181707 0.790597 1.391110
5.570000 0.034015 0.027229 0.034015 -0.027890 6.280663 2.551221 0.787989 1.763232
5.580000 0.031056 -0.076156 0.031056 -0.027616 6.280667 2.540124 0.785186 1.754938
5.590000 0.034426 -0.214212 0.034426 -0.027343 6.280667 2.126977 0.782518 1.344459
5.600000 0.028397 -0.163588 0.028397 -0.027073 6.280667 2.662205 0.779988 1.882218
5.610000 0.034272 -0.061775 0.034272 -0.026805 6.280666 2.413134 0.777583 1.635551
5.620000 0.026743 -0.309443 0.026743 -0.026539 6.280665 2.840590 0.774963 2.065627
5.630000 0.019580 -0.309404 0.019580 -0.026283 6.280688 2.835732 0.772728 2.063004
5.640000 0.025797 -0.485884 0.025797 -0.026035 6.280734 2.594582 0.770590 1.823992
5.650000 0.029814 0.036271 0.029814 -0.025789 6.280780 2.496483 0.768137 1.728346
5.660000 0.030394 0.196626 0.030394 -0.025544 6.280820 2.999820 0.766163 2.233657
5.670000 0.027029 -0.199987 0.027029 -0.025301 6.280857 2.192453 0.763535 1.428918
5.680000 0.026473 0.250646 0.026473 -0.025061 6.280898 2.166612 0.761324 1.405288
5.690000 0.024863 0.250716 0.024863 -0.024824 6.280944 2.163244 0.759121 1.404122
5.700000 0.035271 0.090362 0.035271 -0.024588 6.280981 2.691052 0.757379 1.933672
5.710000 0.025645 -0.409825 0.025645 -0.024350 6.281006 2.366420 0.754651 1.611769
5.720000 0.027883 0.268653 0.027883 -0.024115 6.281033 2.595318 0.752521 1.842797
5.730000 0.021726 -0.113554 0.021726 -0.023884 6.281067 2.393318 0.750595 1.642723
5.740000 0.026811 0.232933 0.026811 -0.023657 6.281108 2.316480 0.748699 1.567781
5.750000 0.025604 -0.113798 0.025604 -0.023432 6.281149 2.389521 0.746691 1.642830
5.760000 0.025165 -0.113721 0.025165 -0.023210 6.281192 2.386783 0.744672 1.642111
5.770000 0.024727 -0.113742 0.024727 -0.022990 6.281237 2.384344 0.742807 1.641537
5.780000 0.028059 -0.223711 0.028059 -0.022770 6.281279 2.620954 0.740862 1.880092
5.790000 0.028104 0.217391 0.028104 -0.022551 6.281311 2.187397 0.738951 1.448446
5.800000 0.025406 -0.168317 0.025406 -0.022332 6.281338 2.532575 0.737028 1.795547
5.810000 0.027377 0.153823 0.027377 -0.022114 6.281362 2.124141 0.735222 1.388918
5.820000 0.026401 0.232174 0.026401 -0.021896 6.281381 2.064574 0.733136 1.331439
5.830000 0.025630 -0.254273 0.025630 -0.021679 6.281397 1.710240 0.731457 0.978783
5.840000 0.024974 -0.305560 0.024974 -0.021464 6.281412 1.729786 0.729535 1.000251
5.850000 0.025663 -0.305580 0.025663 -0.021250 6.281426 1.727315 0.727821 0.999494
5.860000 0.022657 -0.184029 0.022657 -0.021039 6.281443 2.517484 0.726201 1.791284
5.870000 0.024098 -0.183924 0.024098 -0.020830 6.281463 2.516907 0.724536 1.792371
5.880000 0.019932 -0.183943 0.019932 -0.020625 6.281490 2.518719 0.723095 1.795624
5.890000 0.023106 -0.183870 0.023106 -0.020423 6.281525 2.514009 0.721330 1.792680
5.900000 0.022767 -0.183958 0.022767 -0.020224 6.281561 2.514428 0.719738 1.794690
5.910000 0.020633 -0.183935 0.020633 -0.020028 6.281603 2.514270 0.718333 1.795938
5.920000 0.024484 -0.183885 0.024484 -0.019833 6.281645 2.510726 0.716669 1.794057
5.930000 0.024950 -0.402752 0.024950 -0.019638 6.281680 2.236303 0.715099 1.521204
5.940000 0.028234 -0.017316 0.028234 -0.019441 6.281703 2.638435 0.713623 1.924813
5.950000 0.026546 -0.176224 0.026546 -0.019241 6.281710 2.077815 0.711975 1.365840
5.960000 0.027757 0.039336 0.027757 -0.019040 6.281705 2.320238 0.710469 1.609770
5.970000 0.028208 -0.139041 0.028208 -0.018836 6.281686 2.316604 0.708816 1.607789
5.980000 0.024807 -0.321605 0.024807 -0.018631 6.281658 2.298237 0.707259 1.590978
5.990000 0.022894 0.071785 0.022894 -0.018428 6.281630 2.427866 0.705838 1.722028
6.000000 0.022293 -0.093715 0.022293 -0.018228 6.281605 2.272133 0.704543 1.567590
6.010000 0.024455 -0.093712 0.024455 -0.018029 6.281581 2.271827 0.703256 1.568570
6.020000 0.020011 -0.381748 0.020011 -0.017832 6.281559 2.718353 0.701766 2.016587
6.030000 0.019792 -0.319342 0.019792 -0.017639 6.281548 2.399838 0.700513 1.699325
6.040000 0.017814 -0.139856 0.017814 -0.017452 6.281548 1.966616 0.699226 1.267390
6.050000 0.018426 -0.139877 0.018426 -0.017268 6.281560 1.965209 0.698027 1.267182
6.060000 0.018860 -0.139817 0.018860 -0.017089 6.281580 1.963898 0.696794 1.267104
6.070000 0.018013 -0.139817 0.018013 -0.016913 6.281607 1.962814 0.695668 1.267147
6.080000 0.018559 -0.139882 0.018559 -0.016741 6.281641 1.961428 0.694580 1.266847
6.090000 0.017268 -0.139862 0.017268 -0.016572 6.281681 1.960279 0.693334 1.266945
6.100000 0.023684 -0.161834 0.023684 -0.016403 6.281717 2.321529 0.692198 1.629331
6.110000 0.020271 -0.082907 0.020271 -0.016233 6.281745 2.420465 0.691069 1.729397
6.120000 0.018933 -0.082926 0.018933 -0.016065 6.281774 2.419418 0.689922 1.729496
6.130000 0.018203 -0.082910 0.018203 -0.015899 6.281805 2.418424 0.688727 1.729697
6.140000 0.021428 -0.082846 0.021428 -0.015734 6.281834 2.417549 0.687657 1.729892
6.150000 0.018087 -0.082878 0.018087 -0.015570 6.281861 2.416747 0.686516 1.730231
6.160000 0.020409 -0.082931 0.020409 -0.015407 6.281888 2.415897 0.685507 1.730389
6.170000 0.024998 -0.012659 0.024998 -0.015242 6.281902 2.266506 0.684420 1.582086
6.180000 0.017510 -0.126121 0.017510 -0.015076 6.281910 2.629999 0.683282 1.946717
6.190000 0.018895 -0.126149 0.018895 -0.014913 6.281921 2.629109 0.682291 1.946818
6.200000 0.023998 0.007341 0.023998 -0.014748 6.281925 2.126707 0.681106 1.445601
6.210000 0.021822 -0.123467 0.021822 -0.014582 6.281916 2.431704 0.680003 1.751701
6.220000 0.016517 -0.191142 0.016517 -0.014417 6.281908 2.619519 0.679403 1.940117
6.230000 0.016046 -0.191345 0.016046 -0.014256 6.281909 2.619330 0.678361 1.940969
6.240000 0.015793 -0.191340 0.015793 -0.014099 6.281920 2.618914 0.677327 1.941587
6.250000 0.014690 -0.191139 0.014690 -0.013945 6.281942 2.618620 0.676500 1.942120
6.260000 0.024062 -0.112340 0.024062 -0.013792 6.281958 2.018930 0.675262 1.343668
6.270000 0.019550 -0.161187 0.019550 -0.013636 6.281960 1.961854 0.674395 1.287459
6.280000 0.019737 -0.161205 0.019737 -0.013480 6.281958 1.963629 0.673496 1.290133
6.290000 0.021825 -0.094061 0.021825 -0.013323 6.281947 2.711605 0.672754 2.038851
6.300000 0.020238 -0.168280 0.020238 -0.013164 6.281927 2.641566 0.671765 1.969801
6.310000 0.019991 -0.168343 0.019991 -0.013006 6.281901 2.644053 0.670766 1.973287
6.320000 0.021249 -0.193167 0.021249 -0.012847 6.281868 2.398331 0.669826 1.728505
6.330000 0.012556 -0.017588 0.012556 -0.012690 6.281840 2.456313 0.669168 1.787145
6.340000 0.017679 -0.237927 0.017679 -0.012537 6.281822 1.972579 0.668233 1.304346
6.350000 0.022457 -0.004065 0.022457 -0.012384 6.281796 2.407962 0.667547 1.740415
6.360000 0.013520 -0.030953 0.013520 -0.012231 6.281769 2.487588 0.666628 1.820961
6.370000 0.019419 -0.295363 0.019419 -0.012081 6.281744 2.749370 0.665995 2.083375
6.380000 0.013624 -0.178618 0.013624 -0.011933 6.281723 2.781304 0.665217 2.116086
6.390000 0.019413 0.017164 0.019413 -0.011786 6.281702 1.875576 0.664528 1.211048
6.400000 0.014655 -0.162191 0.014655 -0.011641 6.281680 2.844665 0.663918 2.180747
6.410000 0.015546 -0.176497 0.015546 -0.011498 6.281662 2.690113 0.663253 2.026860
6.420000 0.016144 -0.122667 0.016144 -0.011358 6.281645 2.216592 0.662375 1.554217
6.430000 0.016253 0.089019 0.016253 -0.011218 6.281628 2.095287 0.661674 1.433613
6.440000 0.015609 -0.234099 0.015609 -0.011079 6.281609 2.390104 0.661084 1.729020
6.450000 0.012782 -0.234347 0.012782 -0.010944 6.281595 2.392304 0.660515 1.731789
6.460000 0.019214 -0.171422 0.019214 -0.010809 6.281578 2.336025 0.659827 1.676198
6.470000 0.013436 -0.153155 0.013436 -0.010674 6.281556 2.452092 0.659231 1.792860
6.480000 0.013271 -0.153014 0.013271 -0.010543 6.281540 2.455604 0.658692 1.796912
6.490000 0.011870 -0.143705 0.011870 -0.010415 6.281530 2.437125 0.658045 1.779080
6.500000 0.013410 -0.143784 0.013410 -0.010289 6.281526 2.435684 0.657553 1.778131
6.510000 0.012998 -0.143823 0.012998 -0.010166 6.281522 2.433359 0.657087 1.776272
6.520000 0.012575 -0.506502 0.012575 -0.010045 6.281521 2.083888 0.656436 1.427452
6.530000 0.008845 0.051677 0.008845 -0.009928 6.281529 2.416229 0.656042 1.760187
6.540000 0.010150 0.051600 0.010150 -0.009816 6.281547 2.416818 0.655655 1.761163
6.550000 0.011149 0.051573 0.011149 -0.009706 6.281570 2.416101 0.655244 1.760856
6.560000 0.018601 -0.096469 0.018601 -0.009595 6.281582 2.377303 0.654644 1.722659
6.570000 0.008962 0.051598 0.008962 -0.009484 6.281589 2.406007 0.654224 1.751784
6.580000 0.013366 -0.010538 0.013366 -0.009376 6.281599 2.214718 0.653821 1.560897
6.590000 0.007854 0.043372 0.007854 -0.009270 6.281612 1.972116 0.653081 1.319034
6.600000 0.012562 -0.079863 0.012562 -0.009166 6.281629 2.684911 0.653231 2.031680
6.610000 0.011106 -0.167758 0.011106 -0.009064 6.281644 2.143300 0.652312 1.490988
6.620000 0.005187 0.025868 0.005187 -0.008965 6.281668 2.160809 0.651879 1.508930
6.630000 0.011055 0.043287 0.011055 -0.008870 6.281700 1.969848 0.651422 1.318426
6.640000 0.008139 -0.141750 0.008139 -0.008777 6.281734 2.945385 0.651203 2.294181
6.650000 0.011241 -0.167801 0.011241 -0.008686 6.281768 2.142146 0.650719 1.491427
6.660000 0.008700 -0.157101 0.008700 -0.008596 6.281802 2.009369 0.650413 1.358956
6.670000 0.008733 -0.157156 0.008733 -0.008508 6.281839 2.008747 0.649876 1.358870
6.680000 0.011024 -0.136981 0.011024 -0.008421 6.281874 2.443067 0.649505 1.793562
6.690000 0.009765 -0.012013 0.009765 -0.008334 6.281906 2.460555 0.649096 1.811460
6.700000 0.011947 -0.242243 0.011947 -0.008247 6.281933 1.996192 0.648793 1.347400
6.710000 0.010340 -0.231765 0.010340 -0.008160 6.281954 2.422618 0.648395 1.774223
6.720000 0.010025 -0.231500 0.010025 -0.008073 6.281972 2.420892 0.648013 1.772880
6.730000 0.009958 -0.142156 0.009958 -0.007987 6.281989 2.352937 0.647695 1.705242
6.740000 0.013368 -0.142290 0.013368 -0.007900 6.281998 2.353001 0.647388 1.705613
6.750000 0.008274 -0.199561 0.008274 -0.007813 6.282002 1.826787 0.646915 1.179872
6.760000 0.007522 -0.199574 0.007522 -0.007729 6.282012 1.825965 0.646598 1.179367
6.770000 0.006822 -0.199586 0.006822 -0.007648 6.282028 1.825540 0.646311 1.179229
6.780000 0.009557 -0.199489 0.009557 -0.007568 6.282046 1.825480 0.645994 1.179486
6.790000 0.007522 -0.199600 0.007522 -0.007490 6.282064 1.823949 0.645646 1.178304
6.800000 0.008049 -0.199570 0.008049 -0.007413 6.282085 1.823512 0.645361 1.178152
6.810000 0.007106 -0.199561 0.007106 -0.007338 6.282109 1.822754 0.645029 1.177726
6.820000 0.004521 -0.103760 0.004521 -0.007266 6.282140 2.272792 0.645038 1.627754
6.830000 0.008347 -0.199595 0.008347 -0.007196 6.282175 1.823884 0.644500 1.179384
6.840000 0.008162 -0.199538 0.008162 -0.007127 6.282208 1.822913 0.644147 1.178766
6.850000 0.005450 -0.103731 0.005450 -0.007059 6.282243 2.272205 0.644022 1.628183
6.860000 0.009618 -0.199524 0.009618 -0.006992 6.282278 1.822947 0.643586 1.179361
6.870000 0.005440 -0.103734 0.005440 -0.006926 6.282312 2.271362 0.643545 1.627817
6.880000 0.008496 -0.199543 0.008496 -0.006860 6.282348 1.822111 0.643053 1.179058
6.890000 0.008559 -0.199504 0.008559 -0.006795 6.282378 1.821081 0.642749 1.178332
6.900000 0.010868 -0.175737 0.010868 -0.006728 6.282401 2.384872 0.642596 1.742276
6.910000 0.009183 -0.436470 0.009183 -0.006659 6.282414 2.193325 0.642603 1.550722
6.920000 0.011396 -0.318290 0.011396 -0.006589 6.282420 2.114426 0.641941 1.472485
6.930000 0.010420 -0.318384 0.010420 -0.006517 6.282415 2.111482 0.641728 1.469754
6.940000 0.006705 -0.367612 0.006705 -0.006446 6.282409 2.303205 0.641392 1.661813
6.950000 0.007255 -0.254264 0.007255 -0.006376 6.282406 2.699275 0.641310 2.057966
6.960000 0.012004 -0.254276 0.012004 -0.006305 6.282397 2.698429 0.641372 2.057056
6.970000 0.009710 -0.432098 0.009710 -0.006233 6.282378 2.104653 0.640797 1.463856
6.980000 0.004744 0.039458 0.004744 -0.006162 6.282363 2.239480 0.640768 1.598712
6.990000 0.005164 0.039397 0.005164 -0.006094 6.282358 2.238373 0.640415 1.597959
